0	0.1	0.0
1	0.1	0.1
2	0.1	0.2
3	0.1	0.3
4	0.1	0.4
5	0.1	0.5
6	0.1	0.6
7	0.1	0.7
8	0.1	0.8
9	0.1	0.9
10	0.1	1.0
11	0.1	1.1
12	0.1	1.2
13	0.1	1.3
14	0.1	1.4
15	0.1	1.5
16	0.1	1.6
17	0.1	1.7
18	0.1	1.8
19	0.1	1.9
20	0.1	2.0
21	0.1	2.1
22	0.1	2.2
23	0.1	2.3
24	0.1	2.4
25	0.1	2.5
26	0.1	2.6
27	0.1	2.7
28	0.1	2.8
29	0.1	2.9
30	0.1	3.0
31	0.1	3.1
32	0.1	3.2
33	0.1	3.3
34	0.1	3.4
35	0.1	3.5
36	0.1	3.6
37	0.1	3.7
38	0.1	3.8
39	0.1	3.9
40	0.1	4.0
41	0.1	4.1
42	0.1	4.2
43	0.1	4.3
44	0.1	4.4
45	0.1	4.5
46	0.1	4.6
47	0.1	4.7
48	0.1	4.8
49	0.1	4.9
50	0.1	5.0
51	0.1	5.1
52	0.1	5.2
53	0.1	5.3
54	0.1	5.4
55	0.1	5.5
56	0.1	5.6
57	0.1	5.7
58	0.1	5.8
59	0.1	5.9
60	0.1	6.0
61	0.1	6.1
62	0.1	6.2
63	0.1	6.3
64	0.1	6.4
65	0.1	6.5
66	0.1	6.6
67	0.1	6.7
68	0.1	6.8
69	0.1	6.9
70	0.1	7.0
71	0.1	7.1
72	0.1	7.2
73	0.1	7.3
74	0.1	7.4
75	0.1	7.5
76	0.1	7.6
77	0.1	7.7
78	0.1	7.8
79	0.1	7.9
80	0.1	8.0
81	0.1	8.1
82	0.1	8.2
83	0.1	8.3
84	0.1	8.4
85	0.1	8.5
86	0.1	8.6
87	0.1	8.7
88	0.1	8.8
89	0.1	8.9
90	0.1	9.0
91	0.1	9.1
92	0.1	9.2
93	0.1	9.3
94	0.1	9.4
95	0.1	9.5
96	0.1	9.6
97	0.1	9.7
98	0.1	9.8
99	0.1	9.9
100	0.6	0.0
101	0.6	0.1
102	0.6	0.2
103	0.6	0.3
104	0.6	0.4
105	0.6	0.5
106	0.6	0.6
107	0.6	0.7
108	0.6	0.8
109	0.6	0.9
110	0.6	1.0
111	0.6	1.1
112	0.6	1.2
113	0.6	1.3
114	0.6	1.4
115	0.6	1.5
116	0.6	1.6
117	0.6	1.7
118	0.6	1.8
119	0.6	1.9
120	0.6	2.0
121	0.6	2.1
122	0.6	2.2
123	0.6	2.3
124	0.6	2.4
125	0.6	2.5
126	0.6	2.6
127	0.6	2.7
128	0.6	2.8
129	0.6	2.9
130	0.6	3.0
131	0.6	3.1
132	0.6	3.2
133	0.6	3.3
134	0.6	3.4
135	0.6	3.5
136	0.6	3.6
137	0.6	3.7
138	0.6	3.8
139	0.6	3.9
140	0.6	4.0
141	0.6	4.1
142	0.6	4.2
143	0.6	4.3
144	0.6	4.4
145	0.6	4.5
146	0.6	4.6
147	0.6	4.7
148	0.6	4.8
149	0.6	4.9
150	0.6	5.0
151	0.6	5.1
152	0.6	5.2
153	0.6	5.3
154	0.6	5.4
155	0.6	5.5
156	0.6	5.6
157	0.6	5.7
158	0.6	5.8
159	0.6	5.9
160	0.6	6.0
161	0.6	6.1
162	0.6	6.2
163	0.6	6.3
164	0.6	6.4
165	0.6	6.5
166	0.6	6.6
167	0.6	6.7
168	0.6	6.8
169	0.6	6.9
170	0.6	7.0
171	0.6	7.1
172	0.6	7.2
173	0.6	7.3
174	0.6	7.4
175	0.6	7.5
176	0.6	7.6
177	0.6	7.7
178	0.6	7.8
179	0.6	7.9
180	0.6	8.0
181	0.6	8.1
182	0.6	8.2
183	0.6	8.3
184	0.6	8.4
185	0.6	8.5
186	0.6	8.6
187	0.6	8.7
188	0.6	8.8
189	0.6	8.9
190	0.6	9.0
191	0.6	9.1
192	0.6	9.2
193	0.6	9.3
194	0.6	9.4
195	0.6	9.5
196	0.6	9.6
197	0.6	9.7
198	0.6	9.8
199	0.6	9.9
200	1.1	0.0
201	1.1	0.1
202	1.1	0.2
203	1.1	0.3
204	1.1	0.4
205	1.1	0.5
206	1.1	0.6
207	1.1	0.7
208	1.1	0.8
209	1.1	0.9
210	1.1	1.0
211	1.1	1.1
212	1.1	1.2
213	1.1	1.3
214	1.1	1.4
215	1.1	1.5
216	1.1	1.6
217	1.1	1.7
218	1.1	1.8
219	1.1	1.9
220	1.1	2.0
221	1.1	2.1
222	1.1	2.2
223	1.1	2.3
224	1.1	2.4
225	1.1	2.5
226	1.1	2.6
227	1.1	2.7
228	1.1	2.8
229	1.1	2.9
230	1.1	3.0
231	1.1	3.1
232	1.1	3.2
233	1.1	3.3
234	1.1	3.4
235	1.1	3.5
236	1.1	3.6
237	1.1	3.7
238	1.1	3.8
239	1.1	3.9
240	1.1	4.0
241	1.1	4.1
242	1.1	4.2
243	1.1	4.3
244	1.1	4.4
245	1.1	4.5
246	1.1	4.6
247	1.1	4.7
248	1.1	4.8
249	1.1	4.9
250	1.1	5.0
251	1.1	5.1
252	1.1	5.2
253	1.1	5.3
254	1.1	5.4
255	1.1	5.5
256	1.1	5.6
257	1.1	5.7
258	1.1	5.8
259	1.1	5.9
260	1.1	6.0
261	1.1	6.1
262	1.1	6.2
263	1.1	6.3
264	1.1	6.4
265	1.1	6.5
266	1.1	6.6
267	1.1	6.7
268	1.1	6.8
269	1.1	6.9
270	1.1	7.0
271	1.1	7.1
272	1.1	7.2
273	1.1	7.3
274	1.1	7.4
275	1.1	7.5
276	1.1	7.6
277	1.1	7.7
278	1.1	7.8
279	1.1	7.9
280	1.1	8.0
281	1.1	8.1
282	1.1	8.2
283	1.1	8.3
284	1.1	8.4
285	1.1	8.5
286	1.1	8.6
287	1.1	8.7
288	1.1	8.8
289	1.1	8.9
290	1.1	9.0
291	1.1	9.1
292	1.1	9.2
293	1.1	9.3
294	1.1	9.4
295	1.1	9.5
296	1.1	9.6
297	1.1	9.7
298	1.1	9.8
299	1.1	9.9
300	1.6	0.0
301	1.6	0.1
302	1.6	0.2
303	1.6	0.3
304	1.6	0.4
305	1.6	0.5
306	1.6	0.6
307	1.6	0.7
308	1.6	0.8
309	1.6	0.9
310	1.6	1.0
311	1.6	1.1
312	1.6	1.2
313	1.6	1.3
314	1.6	1.4
315	1.6	1.5
316	1.6	1.6
317	1.6	1.7
318	1.6	1.8
319	1.6	1.9
320	1.6	2.0
321	1.6	2.1
322	1.6	2.2
323	1.6	2.3
324	1.6	2.4
325	1.6	2.5
326	1.6	2.6
327	1.6	2.7
328	1.6	2.8
329	1.6	2.9
330	1.6	3.0
331	1.6	3.1
332	1.6	3.2
333	1.6	3.3
334	1.6	3.4
335	1.6	3.5
336	1.6	3.6
337	1.6	3.7
338	1.6	3.8
339	1.6	3.9
340	1.6	4.0
341	1.6	4.1
342	1.6	4.2
343	1.6	4.3
344	1.6	4.4
345	1.6	4.5
346	1.6	4.6
347	1.6	4.7
348	1.6	4.8
349	1.6	4.9
350	1.6	5.0
351	1.6	5.1
352	1.6	5.2
353	1.6	5.3
354	1.6	5.4
355	1.6	5.5
356	1.6	5.6
357	1.6	5.7
358	1.6	5.8
359	1.6	5.9
360	1.6	6.0
361	1.6	6.1
362	1.6	6.2
363	1.6	6.3
364	1.6	6.4
365	1.6	6.5
366	1.6	6.6
367	1.6	6.7
368	1.6	6.8
369	1.6	6.9
370	1.6	7.0
371	1.6	7.1
372	1.6	7.2
373	1.6	7.3
374	1.6	7.4
375	1.6	7.5
376	1.6	7.6
377	1.6	7.7
378	1.6	7.8
379	1.6	7.9
380	1.6	8.0
381	1.6	8.1
382	1.6	8.2
383	1.6	8.3
384	1.6	8.4
385	1.6	8.5
386	1.6	8.6
387	1.6	8.7
388	1.6	8.8
389	1.6	8.9
390	1.6	9.0
391	1.6	9.1
392	1.6	9.2
393	1.6	9.3
394	1.6	9.4
395	1.6	9.5
396	1.6	9.6
397	1.6	9.7
398	1.6	9.8
399	1.6	9.9
400	2.1	0.0
401	2.1	0.1
402	2.1	0.2
403	2.1	0.3
404	2.1	0.4
405	2.1	0.5
406	2.1	0.6
407	2.1	0.7
408	2.1	0.8
409	2.1	0.9
410	2.1	1.0
411	2.1	1.1
412	2.1	1.2
413	2.1	1.3
414	2.1	1.4
415	2.1	1.5
416	2.1	1.6
417	2.1	1.7
418	2.1	1.8
419	2.1	1.9
420	2.1	2.0
421	2.1	2.1
422	2.1	2.2
423	2.1	2.3
424	2.1	2.4
425	2.1	2.5
426	2.1	2.6
427	2.1	2.7
428	2.1	2.8
429	2.1	2.9
430	2.1	3.0
431	2.1	3.1
432	2.1	3.2
433	2.1	3.3
434	2.1	3.4
435	2.1	3.5
436	2.1	3.6
437	2.1	3.7
438	2.1	3.8
439	2.1	3.9
440	2.1	4.0
441	2.1	4.1
442	2.1	4.2
443	2.1	4.3
444	2.1	4.4
445	2.1	4.5
446	2.1	4.6
447	2.1	4.7
448	2.1	4.8
449	2.1	4.9
450	2.1	5.0
451	2.1	5.1
452	2.1	5.2
453	2.1	5.3
454	2.1	5.4
455	2.1	5.5
456	2.1	5.6
457	2.1	5.7
458	2.1	5.8
459	2.1	5.9
460	2.1	6.0
461	2.1	6.1
462	2.1	6.2
463	2.1	6.3
464	2.1	6.4
465	2.1	6.5
466	2.1	6.6
467	2.1	6.7
468	2.1	6.8
469	2.1	6.9
470	2.1	7.0
471	2.1	7.1
472	2.1	7.2
473	2.1	7.3
474	2.1	7.4
475	2.1	7.5
476	2.1	7.6
477	2.1	7.7
478	2.1	7.8
479	2.1	7.9
480	2.1	8.0
481	2.1	8.1
482	2.1	8.2
483	2.1	8.3
484	2.1	8.4
485	2.1	8.5
486	2.1	8.6
487	2.1	8.7
488	2.1	8.8
489	2.1	8.9
490	2.1	9.0
491	2.1	9.1
492	2.1	9.2
493	2.1	9.3
494	2.1	9.4
495	2.1	9.5
496	2.1	9.6
497	2.1	9.7
498	2.1	9.8
499	2.1	9.9
500	2.6	0.0
501	2.6	0.1
502	2.6	0.2
503	2.6	0.3
504	2.6	0.4
505	2.6	0.5
506	2.6	0.6
507	2.6	0.7
508	2.6	0.8
509	2.6	0.9
510	2.6	1.0
511	2.6	1.1
512	2.6	1.2
513	2.6	1.3
514	2.6	1.4
515	2.6	1.5
516	2.6	1.6
517	2.6	1.7
518	2.6	1.8
519	2.6	1.9
520	2.6	2.0
521	2.6	2.1
522	2.6	2.2
523	2.6	2.3
524	2.6	2.4
525	2.6	2.5
526	2.6	2.6
527	2.6	2.7
528	2.6	2.8
529	2.6	2.9
530	2.6	3.0
531	2.6	3.1
532	2.6	3.2
533	2.6	3.3
534	2.6	3.4
535	2.6	3.5
536	2.6	3.6
537	2.6	3.7
538	2.6	3.8
539	2.6	3.9
540	2.6	4.0
541	2.6	4.1
542	2.6	4.2
543	2.6	4.3
544	2.6	4.4
545	2.6	4.5
546	2.6	4.6
547	2.6	4.7
548	2.6	4.8
549	2.6	4.9
550	2.6	5.0
551	2.6	5.1
552	2.6	5.2
553	2.6	5.3
554	2.6	5.4
555	2.6	5.5
556	2.6	5.6
557	2.6	5.7
558	2.6	5.8
559	2.6	5.9
560	2.6	6.0
561	2.6	6.1
562	2.6	6.2
563	2.6	6.3
564	2.6	6.4
565	2.6	6.5
566	2.6	6.6
567	2.6	6.7
568	2.6	6.8
569	2.6	6.9
570	2.6	7.0
571	2.6	7.1
572	2.6	7.2
573	2.6	7.3
574	2.6	7.4
575	2.6	7.5
576	2.6	7.6
577	2.6	7.7
578	2.6	7.8
579	2.6	7.9
580	2.6	8.0
581	2.6	8.1
582	2.6	8.2
583	2.6	8.3
584	2.6	8.4
585	2.6	8.5
586	2.6	8.6
587	2.6	8.7
588	2.6	8.8
589	2.6	8.9
590	2.6	9.0
591	2.6	9.1
592	2.6	9.2
593	2.6	9.3
594	2.6	9.4
595	2.6	9.5
596	2.6	9.6
597	2.6	9.7
598	2.6	9.8
599	2.6	9.9
600	3.1	0.0
601	3.1	0.1
602	3.1	0.2
603	3.1	0.3
604	3.1	0.4
605	3.1	0.5
606	3.1	0.6
607	3.1	0.7
608	3.1	0.8
609	3.1	0.9
610	3.1	1.0
611	3.1	1.1
612	3.1	1.2
613	3.1	1.3
614	3.1	1.4
615	3.1	1.5
616	3.1	1.6
617	3.1	1.7
618	3.1	1.8
619	3.1	1.9
620	3.1	2.0
621	3.1	2.1
622	3.1	2.2
623	3.1	2.3
624	3.1	2.4
625	3.1	2.5
626	3.1	2.6
627	3.1	2.7
628	3.1	2.8
629	3.1	2.9
630	3.1	3.0
631	3.1	3.1
632	3.1	3.2
633	3.1	3.3
634	3.1	3.4
635	3.1	3.5
636	3.1	3.6
637	3.1	3.7
638	3.1	3.8
639	3.1	3.9
640	3.1	4.0
641	3.1	4.1
642	3.1	4.2
643	3.1	4.3
644	3.1	4.4
645	3.1	4.5
646	3.1	4.6
647	3.1	4.7
648	3.1	4.8
649	3.1	4.9
650	3.1	5.0
651	3.1	5.1
652	3.1	5.2
653	3.1	5.3
654	3.1	5.4
655	3.1	5.5
656	3.1	5.6
657	3.1	5.7
658	3.1	5.8
659	3.1	5.9
660	3.1	6.0
661	3.1	6.1
662	3.1	6.2
663	3.1	6.3
664	3.1	6.4
665	3.1	6.5
666	3.1	6.6
667	3.1	6.7
668	3.1	6.8
669	3.1	6.9
670	3.1	7.0
671	3.1	7.1
672	3.1	7.2
673	3.1	7.3
674	3.1	7.4
675	3.1	7.5
676	3.1	7.6
677	3.1	7.7
678	3.1	7.8
679	3.1	7.9
680	3.1	8.0
681	3.1	8.1
682	3.1	8.2
683	3.1	8.3
684	3.1	8.4
685	3.1	8.5
686	3.1	8.6
687	3.1	8.7
688	3.1	8.8
689	3.1	8.9
690	3.1	9.0
691	3.1	9.1
692	3.1	9.2
693	3.1	9.3
694	3.1	9.4
695	3.1	9.5
696	3.1	9.6
697	3.1	9.7
698	3.1	9.8
699	3.1	9.9
700	3.6	0.0
701	3.6	0.1
702	3.6	0.2
703	3.6	0.3
704	3.6	0.4
705	3.6	0.5
706	3.6	0.6
707	3.6	0.7
708	3.6	0.8
709	3.6	0.9
710	3.6	1.0
711	3.6	1.1
712	3.6	1.2
713	3.6	1.3
714	3.6	1.4
715	3.6	1.5
716	3.6	1.6
717	3.6	1.7
718	3.6	1.8
719	3.6	1.9
720	3.6	2.0
721	3.6	2.1
722	3.6	2.2
723	3.6	2.3
724	3.6	2.4
725	3.6	2.5
726	3.6	2.6
727	3.6	2.7
728	3.6	2.8
729	3.6	2.9
730	3.6	3.0
731	3.6	3.1
732	3.6	3.2
733	3.6	3.3
734	3.6	3.4
735	3.6	3.5
736	3.6	3.6
737	3.6	3.7
738	3.6	3.8
739	3.6	3.9
740	3.6	4.0
741	3.6	4.1
742	3.6	4.2
743	3.6	4.3
744	3.6	4.4
745	3.6	4.5
746	3.6	4.6
747	3.6	4.7
748	3.6	4.8
749	3.6	4.9
750	3.6	5.0
751	3.6	5.1
752	3.6	5.2
753	3.6	5.3
754	3.6	5.4
755	3.6	5.5
756	3.6	5.6
757	3.6	5.7
758	3.6	5.8
759	3.6	5.9
760	3.6	6.0
761	3.6	6.1
762	3.6	6.2
763	3.6	6.3
764	3.6	6.4
765	3.6	6.5
766	3.6	6.6
767	3.6	6.7
768	3.6	6.8
769	3.6	6.9
770	3.6	7.0
771	3.6	7.1
772	3.6	7.2
773	3.6	7.3
774	3.6	7.4
775	3.6	7.5
776	3.6	7.6
777	3.6	7.7
778	3.6	7.8
779	3.6	7.9
780	3.6	8.0
781	3.6	8.1
782	3.6	8.2
783	3.6	8.3
784	3.6	8.4
785	3.6	8.5
786	3.6	8.6
787	3.6	8.7
788	3.6	8.8
789	3.6	8.9
790	3.6	9.0
791	3.6	9.1
792	3.6	9.2
793	3.6	9.3
794	3.6	9.4
795	3.6	9.5
796	3.6	9.6
797	3.6	9.7
798	3.6	9.8
799	3.6	9.9
800	4.1	0.0
801	4.1	0.1
802	4.1	0.2
803	4.1	0.3
804	4.1	0.4
805	4.1	0.5
806	4.1	0.6
807	4.1	0.7
808	4.1	0.8
809	4.1	0.9
810	4.1	1.0
811	4.1	1.1
812	4.1	1.2
813	4.1	1.3
814	4.1	1.4
815	4.1	1.5
816	4.1	1.6
817	4.1	1.7
818	4.1	1.8
819	4.1	1.9
820	4.1	2.0
821	4.1	2.1
822	4.1	2.2
823	4.1	2.3
824	4.1	2.4
825	4.1	2.5
826	4.1	2.6
827	4.1	2.7
828	4.1	2.8
829	4.1	2.9
830	4.1	3.0
831	4.1	3.1
832	4.1	3.2
833	4.1	3.3
834	4.1	3.4
835	4.1	3.5
836	4.1	3.6
837	4.1	3.7
838	4.1	3.8
839	4.1	3.9
840	4.1	4.0
841	4.1	4.1
842	4.1	4.2
843	4.1	4.3
844	4.1	4.4
845	4.1	4.5
846	4.1	4.6
847	4.1	4.7
848	4.1	4.8
849	4.1	4.9
850	4.1	5.0
851	4.1	5.1
852	4.1	5.2
853	4.1	5.3
854	4.1	5.4
855	4.1	5.5
856	4.1	5.6
857	4.1	5.7
858	4.1	5.8
859	4.1	5.9
860	4.1	6.0
861	4.1	6.1
862	4.1	6.2
863	4.1	6.3
864	4.1	6.4
865	4.1	6.5
866	4.1	6.6
867	4.1	6.7
868	4.1	6.8
869	4.1	6.9
870	4.1	7.0
871	4.1	7.1
872	4.1	7.2
873	4.1	7.3
874	4.1	7.4
875	4.1	7.5
876	4.1	7.6
877	4.1	7.7
878	4.1	7.8
879	4.1	7.9
880	4.1	8.0
881	4.1	8.1
882	4.1	8.2
883	4.1	8.3
884	4.1	8.4
885	4.1	8.5
886	4.1	8.6
887	4.1	8.7
888	4.1	8.8
889	4.1	8.9
890	4.1	9.0
891	4.1	9.1
892	4.1	9.2
893	4.1	9.3
894	4.1	9.4
895	4.1	9.5
896	4.1	9.6
897	4.1	9.7
898	4.1	9.8
899	4.1	9.9
900	4.6	0.0
901	4.6	0.1
902	4.6	0.2
903	4.6	0.3
904	4.6	0.4
905	4.6	0.5
906	4.6	0.6
907	4.6	0.7
908	4.6	0.8
909	4.6	0.9
910	4.6	1.0
911	4.6	1.1
912	4.6	1.2
913	4.6	1.3
914	4.6	1.4
915	4.6	1.5
916	4.6	1.6
917	4.6	1.7
918	4.6	1.8
919	4.6	1.9
920	4.6	2.0
921	4.6	2.1
922	4.6	2.2
923	4.6	2.3
924	4.6	2.4
925	4.6	2.5
926	4.6	2.6
927	4.6	2.7
928	4.6	2.8
929	4.6	2.9
930	4.6	3.0
931	4.6	3.1
932	4.6	3.2
933	4.6	3.3
934	4.6	3.4
935	4.6	3.5
936	4.6	3.6
937	4.6	3.7
938	4.6	3.8
939	4.6	3.9
940	4.6	4.0
941	4.6	4.1
942	4.6	4.2
943	4.6	4.3
944	4.6	4.4
945	4.6	4.5
946	4.6	4.6
947	4.6	4.7
948	4.6	4.8
949	4.6	4.9
950	4.6	5.0
951	4.6	5.1
952	4.6	5.2
953	4.6	5.3
954	4.6	5.4
955	4.6	5.5
956	4.6	5.6
957	4.6	5.7
958	4.6	5.8
959	4.6	5.9
960	4.6	6.0
961	4.6	6.1
962	4.6	6.2
963	4.6	6.3
964	4.6	6.4
965	4.6	6.5
966	4.6	6.6
967	4.6	6.7
968	4.6	6.8
969	4.6	6.9
970	4.6	7.0
971	4.6	7.1
972	4.6	7.2
973	4.6	7.3
974	4.6	7.4
975	4.6	7.5
976	4.6	7.6
977	4.6	7.7
978	4.6	7.8
979	4.6	7.9
980	4.6	8.0
981	4.6	8.1
982	4.6	8.2
983	4.6	8.3
984	4.6	8.4
985	4.6	8.5
986	4.6	8.6
987	4.6	8.7
988	4.6	8.8
989	4.6	8.9
990	4.6	9.0
991	4.6	9.1
992	4.6	9.2
993	4.6	9.3
994	4.6	9.4
995	4.6	9.5
996	4.6	9.6
997	4.6	9.7
998	4.6	9.8
999	4.6	9.9
1000	5.1	0.0
1001	5.1	0.1
1002	5.1	0.2
1003	5.1	0.3
1004	5.1	0.4
1005	5.1	0.5
1006	5.1	0.6
1007	5.1	0.7
1008	5.1	0.8
1009	5.1	0.9
1010	5.1	1.0
1011	5.1	1.1
1012	5.1	1.2
1013	5.1	1.3
1014	5.1	1.4
1015	5.1	1.5
1016	5.1	1.6
1017	5.1	1.7
1018	5.1	1.8
1019	5.1	1.9
1020	5.1	2.0
1021	5.1	2.1
1022	5.1	2.2
1023	5.1	2.3
1024	5.1	2.4
1025	5.1	2.5
1026	5.1	2.6
1027	5.1	2.7
1028	5.1	2.8
1029	5.1	2.9
1030	5.1	3.0
1031	5.1	3.1
1032	5.1	3.2
1033	5.1	3.3
1034	5.1	3.4
1035	5.1	3.5
1036	5.1	3.6
1037	5.1	3.7
1038	5.1	3.8
1039	5.1	3.9
1040	5.1	4.0
1041	5.1	4.1
1042	5.1	4.2
1043	5.1	4.3
1044	5.1	4.4
1045	5.1	4.5
1046	5.1	4.6
1047	5.1	4.7
1048	5.1	4.8
1049	5.1	4.9
1050	5.1	5.0
1051	5.1	5.1
1052	5.1	5.2
1053	5.1	5.3
1054	5.1	5.4
1055	5.1	5.5
1056	5.1	5.6
1057	5.1	5.7
1058	5.1	5.8
1059	5.1	5.9
1060	5.1	6.0
1061	5.1	6.1
1062	5.1	6.2
1063	5.1	6.3
1064	5.1	6.4
1065	5.1	6.5
1066	5.1	6.6
1067	5.1	6.7
1068	5.1	6.8
1069	5.1	6.9
1070	5.1	7.0
1071	5.1	7.1
1072	5.1	7.2
1073	5.1	7.3
1074	5.1	7.4
1075	5.1	7.5
1076	5.1	7.6
1077	5.1	7.7
1078	5.1	7.8
1079	5.1	7.9
1080	5.1	8.0
1081	5.1	8.1
1082	5.1	8.2
1083	5.1	8.3
1084	5.1	8.4
1085	5.1	8.5
1086	5.1	8.6
1087	5.1	8.7
1088	5.1	8.8
1089	5.1	8.9
1090	5.1	9.0
1091	5.1	9.1
1092	5.1	9.2
1093	5.1	9.3
1094	5.1	9.4
1095	5.1	9.5
1096	5.1	9.6
1097	5.1	9.7
1098	5.1	9.8
1099	5.1	9.9
1100	5.6	0.0
1101	5.6	0.1
1102	5.6	0.2
1103	5.6	0.3
1104	5.6	0.4
1105	5.6	0.5
1106	5.6	0.6
1107	5.6	0.7
1108	5.6	0.8
1109	5.6	0.9
1110	5.6	1.0
1111	5.6	1.1
1112	5.6	1.2
1113	5.6	1.3
1114	5.6	1.4
1115	5.6	1.5
1116	5.6	1.6
1117	5.6	1.7
1118	5.6	1.8
1119	5.6	1.9
1120	5.6	2.0
1121	5.6	2.1
1122	5.6	2.2
1123	5.6	2.3
1124	5.6	2.4
1125	5.6	2.5
1126	5.6	2.6
1127	5.6	2.7
1128	5.6	2.8
1129	5.6	2.9
1130	5.6	3.0
1131	5.6	3.1
1132	5.6	3.2
1133	5.6	3.3
1134	5.6	3.4
1135	5.6	3.5
1136	5.6	3.6
1137	5.6	3.7
1138	5.6	3.8
1139	5.6	3.9
1140	5.6	4.0
1141	5.6	4.1
1142	5.6	4.2
1143	5.6	4.3
1144	5.6	4.4
1145	5.6	4.5
1146	5.6	4.6
1147	5.6	4.7
1148	5.6	4.8
1149	5.6	4.9
1150	5.6	5.0
1151	5.6	5.1
1152	5.6	5.2
1153	5.6	5.3
1154	5.6	5.4
1155	5.6	5.5
1156	5.6	5.6
1157	5.6	5.7
1158	5.6	5.8
1159	5.6	5.9
1160	5.6	6.0
1161	5.6	6.1
1162	5.6	6.2
1163	5.6	6.3
1164	5.6	6.4
1165	5.6	6.5
1166	5.6	6.6
1167	5.6	6.7
1168	5.6	6.8
1169	5.6	6.9
1170	5.6	7.0
1171	5.6	7.1
1172	5.6	7.2
1173	5.6	7.3
1174	5.6	7.4
1175	5.6	7.5
1176	5.6	7.6
1177	5.6	7.7
1178	5.6	7.8
1179	5.6	7.9
1180	5.6	8.0
1181	5.6	8.1
1182	5.6	8.2
1183	5.6	8.3
1184	5.6	8.4
1185	5.6	8.5
1186	5.6	8.6
1187	5.6	8.7
1188	5.6	8.8
1189	5.6	8.9
1190	5.6	9.0
1191	5.6	9.1
1192	5.6	9.2
1193	5.6	9.3
1194	5.6	9.4
1195	5.6	9.5
1196	5.6	9.6
1197	5.6	9.7
1198	5.6	9.8
1199	5.6	9.9
1200	6.1	0.0
1201	6.1	0.1
1202	6.1	0.2
1203	6.1	0.3
1204	6.1	0.4
1205	6.1	0.5
1206	6.1	0.6
1207	6.1	0.7
1208	6.1	0.8
1209	6.1	0.9
1210	6.1	1.0
1211	6.1	1.1
1212	6.1	1.2
1213	6.1	1.3
1214	6.1	1.4
1215	6.1	1.5
1216	6.1	1.6
1217	6.1	1.7
1218	6.1	1.8
1219	6.1	1.9
1220	6.1	2.0
1221	6.1	2.1
1222	6.1	2.2
1223	6.1	2.3
1224	6.1	2.4
1225	6.1	2.5
1226	6.1	2.6
1227	6.1	2.7
1228	6.1	2.8
1229	6.1	2.9
1230	6.1	3.0
1231	6.1	3.1
1232	6.1	3.2
1233	6.1	3.3
1234	6.1	3.4
1235	6.1	3.5
1236	6.1	3.6
1237	6.1	3.7
1238	6.1	3.8
1239	6.1	3.9
1240	6.1	4.0
1241	6.1	4.1
1242	6.1	4.2
1243	6.1	4.3
1244	6.1	4.4
1245	6.1	4.5
1246	6.1	4.6
1247	6.1	4.7
1248	6.1	4.8
1249	6.1	4.9
1250	6.1	5.0
1251	6.1	5.1
1252	6.1	5.2
1253	6.1	5.3
1254	6.1	5.4
1255	6.1	5.5
1256	6.1	5.6
1257	6.1	5.7
1258	6.1	5.8
1259	6.1	5.9
1260	6.1	6.0
1261	6.1	6.1
1262	6.1	6.2
1263	6.1	6.3
1264	6.1	6.4
1265	6.1	6.5
1266	6.1	6.6
1267	6.1	6.7
1268	6.1	6.8
1269	6.1	6.9
1270	6.1	7.0
1271	6.1	7.1
1272	6.1	7.2
1273	6.1	7.3
1274	6.1	7.4
1275	6.1	7.5
1276	6.1	7.6
1277	6.1	7.7
1278	6.1	7.8
1279	6.1	7.9
1280	6.1	8.0
1281	6.1	8.1
1282	6.1	8.2
1283	6.1	8.3
1284	6.1	8.4
1285	6.1	8.5
1286	6.1	8.6
1287	6.1	8.7
1288	6.1	8.8
1289	6.1	8.9
1290	6.1	9.0
1291	6.1	9.1
1292	6.1	9.2
1293	6.1	9.3
1294	6.1	9.4
1295	6.1	9.5
1296	6.1	9.6
1297	6.1	9.7
1298	6.1	9.8
1299	6.1	9.9
1300	6.6	0.0
1301	6.6	0.1
1302	6.6	0.2
1303	6.6	0.3
1304	6.6	0.4
1305	6.6	0.5
1306	6.6	0.6
1307	6.6	0.7
1308	6.6	0.8
1309	6.6	0.9
1310	6.6	1.0
1311	6.6	1.1
1312	6.6	1.2
1313	6.6	1.3
1314	6.6	1.4
1315	6.6	1.5
1316	6.6	1.6
1317	6.6	1.7
1318	6.6	1.8
1319	6.6	1.9
1320	6.6	2.0
1321	6.6	2.1
1322	6.6	2.2
1323	6.6	2.3
1324	6.6	2.4
1325	6.6	2.5
1326	6.6	2.6
1327	6.6	2.7
1328	6.6	2.8
1329	6.6	2.9
1330	6.6	3.0
1331	6.6	3.1
1332	6.6	3.2
1333	6.6	3.3
1334	6.6	3.4
1335	6.6	3.5
1336	6.6	3.6
1337	6.6	3.7
1338	6.6	3.8
1339	6.6	3.9
1340	6.6	4.0
1341	6.6	4.1
1342	6.6	4.2
1343	6.6	4.3
1344	6.6	4.4
1345	6.6	4.5
1346	6.6	4.6
1347	6.6	4.7
1348	6.6	4.8
1349	6.6	4.9
1350	6.6	5.0
1351	6.6	5.1
1352	6.6	5.2
1353	6.6	5.3
1354	6.6	5.4
1355	6.6	5.5
1356	6.6	5.6
1357	6.6	5.7
1358	6.6	5.8
1359	6.6	5.9
1360	6.6	6.0
1361	6.6	6.1
1362	6.6	6.2
1363	6.6	6.3
1364	6.6	6.4
1365	6.6	6.5
1366	6.6	6.6
1367	6.6	6.7
1368	6.6	6.8
1369	6.6	6.9
1370	6.6	7.0
1371	6.6	7.1
1372	6.6	7.2
1373	6.6	7.3
1374	6.6	7.4
1375	6.6	7.5
1376	6.6	7.6
1377	6.6	7.7
1378	6.6	7.8
1379	6.6	7.9
1380	6.6	8.0
1381	6.6	8.1
1382	6.6	8.2
1383	6.6	8.3
1384	6.6	8.4
1385	6.6	8.5
1386	6.6	8.6
1387	6.6	8.7
1388	6.6	8.8
1389	6.6	8.9
1390	6.6	9.0
1391	6.6	9.1
1392	6.6	9.2
1393	6.6	9.3
1394	6.6	9.4
1395	6.6	9.5
1396	6.6	9.6
1397	6.6	9.7
1398	6.6	9.8
1399	6.6	9.9
1400	7.1	0.0
1401	7.1	0.1
1402	7.1	0.2
1403	7.1	0.3
1404	7.1	0.4
1405	7.1	0.5
1406	7.1	0.6
1407	7.1	0.7
1408	7.1	0.8
1409	7.1	0.9
1410	7.1	1.0
1411	7.1	1.1
1412	7.1	1.2
1413	7.1	1.3
1414	7.1	1.4
1415	7.1	1.5
1416	7.1	1.6
1417	7.1	1.7
1418	7.1	1.8
1419	7.1	1.9
1420	7.1	2.0
1421	7.1	2.1
1422	7.1	2.2
1423	7.1	2.3
1424	7.1	2.4
1425	7.1	2.5
1426	7.1	2.6
1427	7.1	2.7
1428	7.1	2.8
1429	7.1	2.9
1430	7.1	3.0
1431	7.1	3.1
1432	7.1	3.2
1433	7.1	3.3
1434	7.1	3.4
1435	7.1	3.5
1436	7.1	3.6
1437	7.1	3.7
1438	7.1	3.8
1439	7.1	3.9
1440	7.1	4.0
1441	7.1	4.1
1442	7.1	4.2
1443	7.1	4.3
1444	7.1	4.4
1445	7.1	4.5
1446	7.1	4.6
1447	7.1	4.7
1448	7.1	4.8
1449	7.1	4.9
1450	7.1	5.0
1451	7.1	5.1
1452	7.1	5.2
1453	7.1	5.3
1454	7.1	5.4
1455	7.1	5.5
1456	7.1	5.6
1457	7.1	5.7
1458	7.1	5.8
1459	7.1	5.9
1460	7.1	6.0
1461	7.1	6.1
1462	7.1	6.2
1463	7.1	6.3
1464	7.1	6.4
1465	7.1	6.5
1466	7.1	6.6
1467	7.1	6.7
1468	7.1	6.8
1469	7.1	6.9
1470	7.1	7.0
1471	7.1	7.1
1472	7.1	7.2
1473	7.1	7.3
1474	7.1	7.4
1475	7.1	7.5
1476	7.1	7.6
1477	7.1	7.7
1478	7.1	7.8
1479	7.1	7.9
1480	7.1	8.0
1481	7.1	8.1
1482	7.1	8.2
1483	7.1	8.3
1484	7.1	8.4
1485	7.1	8.5
1486	7.1	8.6
1487	7.1	8.7
1488	7.1	8.8
1489	7.1	8.9
1490	7.1	9.0
1491	7.1	9.1
1492	7.1	9.2
1493	7.1	9.3
1494	7.1	9.4
1495	7.1	9.5
1496	7.1	9.6
1497	7.1	9.7
1498	7.1	9.8
1499	7.1	9.9
1500	7.6	0.0
1501	7.6	0.1
1502	7.6	0.2
1503	7.6	0.3
1504	7.6	0.4
1505	7.6	0.5
1506	7.6	0.6
1507	7.6	0.7
1508	7.6	0.8
1509	7.6	0.9
1510	7.6	1.0
1511	7.6	1.1
1512	7.6	1.2
1513	7.6	1.3
1514	7.6	1.4
1515	7.6	1.5
1516	7.6	1.6
1517	7.6	1.7
1518	7.6	1.8
1519	7.6	1.9
1520	7.6	2.0
1521	7.6	2.1
1522	7.6	2.2
1523	7.6	2.3
1524	7.6	2.4
1525	7.6	2.5
1526	7.6	2.6
1527	7.6	2.7
1528	7.6	2.8
1529	7.6	2.9
1530	7.6	3.0
1531	7.6	3.1
1532	7.6	3.2
1533	7.6	3.3
1534	7.6	3.4
1535	7.6	3.5
1536	7.6	3.6
1537	7.6	3.7
1538	7.6	3.8
1539	7.6	3.9
1540	7.6	4.0
1541	7.6	4.1
1542	7.6	4.2
1543	7.6	4.3
1544	7.6	4.4
1545	7.6	4.5
1546	7.6	4.6
1547	7.6	4.7
1548	7.6	4.8
1549	7.6	4.9
1550	7.6	5.0
1551	7.6	5.1
1552	7.6	5.2
1553	7.6	5.3
1554	7.6	5.4
1555	7.6	5.5
1556	7.6	5.6
1557	7.6	5.7
1558	7.6	5.8
1559	7.6	5.9
1560	7.6	6.0
1561	7.6	6.1
1562	7.6	6.2
1563	7.6	6.3
1564	7.6	6.4
1565	7.6	6.5
1566	7.6	6.6
1567	7.6	6.7
1568	7.6	6.8
1569	7.6	6.9
1570	7.6	7.0
1571	7.6	7.1
1572	7.6	7.2
1573	7.6	7.3
1574	7.6	7.4
1575	7.6	7.5
1576	7.6	7.6
1577	7.6	7.7
1578	7.6	7.8
1579	7.6	7.9
1580	7.6	8.0
1581	7.6	8.1
1582	7.6	8.2
1583	7.6	8.3
1584	7.6	8.4
1585	7.6	8.5
1586	7.6	8.6
1587	7.6	8.7
1588	7.6	8.8
1589	7.6	8.9
1590	7.6	9.0
1591	7.6	9.1
1592	7.6	9.2
1593	7.6	9.3
1594	7.6	9.4
1595	7.6	9.5
1596	7.6	9.6
1597	7.6	9.7
1598	7.6	9.8
1599	7.6	9.9
1600	8.1	0.0
1601	8.1	0.1
1602	8.1	0.2
1603	8.1	0.3
1604	8.1	0.4
1605	8.1	0.5
1606	8.1	0.6
1607	8.1	0.7
1608	8.1	0.8
1609	8.1	0.9
1610	8.1	1.0
1611	8.1	1.1
1612	8.1	1.2
1613	8.1	1.3
1614	8.1	1.4
1615	8.1	1.5
1616	8.1	1.6
1617	8.1	1.7
1618	8.1	1.8
1619	8.1	1.9
1620	8.1	2.0
1621	8.1	2.1
1622	8.1	2.2
1623	8.1	2.3
1624	8.1	2.4
1625	8.1	2.5
1626	8.1	2.6
1627	8.1	2.7
1628	8.1	2.8
1629	8.1	2.9
1630	8.1	3.0
1631	8.1	3.1
1632	8.1	3.2
1633	8.1	3.3
1634	8.1	3.4
1635	8.1	3.5
1636	8.1	3.6
1637	8.1	3.7
1638	8.1	3.8
1639	8.1	3.9
1640	8.1	4.0
1641	8.1	4.1
1642	8.1	4.2
1643	8.1	4.3
1644	8.1	4.4
1645	8.1	4.5
1646	8.1	4.6
1647	8.1	4.7
1648	8.1	4.8
1649	8.1	4.9
1650	8.1	5.0
1651	8.1	5.1
1652	8.1	5.2
1653	8.1	5.3
1654	8.1	5.4
1655	8.1	5.5
1656	8.1	5.6
1657	8.1	5.7
1658	8.1	5.8
1659	8.1	5.9
1660	8.1	6.0
1661	8.1	6.1
1662	8.1	6.2
1663	8.1	6.3
1664	8.1	6.4
1665	8.1	6.5
1666	8.1	6.6
1667	8.1	6.7
1668	8.1	6.8
1669	8.1	6.9
1670	8.1	7.0
1671	8.1	7.1
1672	8.1	7.2
1673	8.1	7.3
1674	8.1	7.4
1675	8.1	7.5
1676	8.1	7.6
1677	8.1	7.7
1678	8.1	7.8
1679	8.1	7.9
1680	8.1	8.0
1681	8.1	8.1
1682	8.1	8.2
1683	8.1	8.3
1684	8.1	8.4
1685	8.1	8.5
1686	8.1	8.6
1687	8.1	8.7
1688	8.1	8.8
1689	8.1	8.9
1690	8.1	9.0
1691	8.1	9.1
1692	8.1	9.2
1693	8.1	9.3
1694	8.1	9.4
1695	8.1	9.5
1696	8.1	9.6
1697	8.1	9.7
1698	8.1	9.8
1699	8.1	9.9
1700	8.6	0.0
1701	8.6	0.1
1702	8.6	0.2
1703	8.6	0.3
1704	8.6	0.4
1705	8.6	0.5
1706	8.6	0.6
1707	8.6	0.7
1708	8.6	0.8
1709	8.6	0.9
1710	8.6	1.0
1711	8.6	1.1
1712	8.6	1.2
1713	8.6	1.3
1714	8.6	1.4
1715	8.6	1.5
1716	8.6	1.6
1717	8.6	1.7
1718	8.6	1.8
1719	8.6	1.9
1720	8.6	2.0
1721	8.6	2.1
1722	8.6	2.2
1723	8.6	2.3
1724	8.6	2.4
1725	8.6	2.5
1726	8.6	2.6
1727	8.6	2.7
1728	8.6	2.8
1729	8.6	2.9
1730	8.6	3.0
1731	8.6	3.1
1732	8.6	3.2
1733	8.6	3.3
1734	8.6	3.4
1735	8.6	3.5
1736	8.6	3.6
1737	8.6	3.7
1738	8.6	3.8
1739	8.6	3.9
1740	8.6	4.0
1741	8.6	4.1
1742	8.6	4.2
1743	8.6	4.3
1744	8.6	4.4
1745	8.6	4.5
1746	8.6	4.6
1747	8.6	4.7
1748	8.6	4.8
1749	8.6	4.9
1750	8.6	5.0
1751	8.6	5.1
1752	8.6	5.2
1753	8.6	5.3
1754	8.6	5.4
1755	8.6	5.5
1756	8.6	5.6
1757	8.6	5.7
1758	8.6	5.8
1759	8.6	5.9
1760	8.6	6.0
1761	8.6	6.1
1762	8.6	6.2
1763	8.6	6.3
1764	8.6	6.4
1765	8.6	6.5
1766	8.6	6.6
1767	8.6	6.7
1768	8.6	6.8
1769	8.6	6.9
1770	8.6	7.0
1771	8.6	7.1
1772	8.6	7.2
1773	8.6	7.3
1774	8.6	7.4
1775	8.6	7.5
1776	8.6	7.6
1777	8.6	7.7
1778	8.6	7.8
1779	8.6	7.9
1780	8.6	8.0
1781	8.6	8.1
1782	8.6	8.2
1783	8.6	8.3
1784	8.6	8.4
1785	8.6	8.5
1786	8.6	8.6
1787	8.6	8.7
1788	8.6	8.8
1789	8.6	8.9
1790	8.6	9.0
1791	8.6	9.1
1792	8.6	9.2
1793	8.6	9.3
1794	8.6	9.4
1795	8.6	9.5
1796	8.6	9.6
1797	8.6	9.7
1798	8.6	9.8
1799	8.6	9.9
1800	9.1	0.0
1801	9.1	0.1
1802	9.1	0.2
1803	9.1	0.3
1804	9.1	0.4
1805	9.1	0.5
1806	9.1	0.6
1807	9.1	0.7
1808	9.1	0.8
1809	9.1	0.9
1810	9.1	1.0
1811	9.1	1.1
1812	9.1	1.2
1813	9.1	1.3
1814	9.1	1.4
1815	9.1	1.5
1816	9.1	1.6
1817	9.1	1.7
1818	9.1	1.8
1819	9.1	1.9
1820	9.1	2.0
1821	9.1	2.1
1822	9.1	2.2
1823	9.1	2.3
1824	9.1	2.4
1825	9.1	2.5
1826	9.1	2.6
1827	9.1	2.7
1828	9.1	2.8
1829	9.1	2.9
1830	9.1	3.0
1831	9.1	3.1
1832	9.1	3.2
1833	9.1	3.3
1834	9.1	3.4
1835	9.1	3.5
1836	9.1	3.6
1837	9.1	3.7
1838	9.1	3.8
1839	9.1	3.9
1840	9.1	4.0
1841	9.1	4.1
1842	9.1	4.2
1843	9.1	4.3
1844	9.1	4.4
1845	9.1	4.5
1846	9.1	4.6
1847	9.1	4.7
1848	9.1	4.8
1849	9.1	4.9
1850	9.1	5.0
1851	9.1	5.1
1852	9.1	5.2
1853	9.1	5.3
1854	9.1	5.4
1855	9.1	5.5
1856	9.1	5.6
1857	9.1	5.7
1858	9.1	5.8
1859	9.1	5.9
1860	9.1	6.0
1861	9.1	6.1
1862	9.1	6.2
1863	9.1	6.3
1864	9.1	6.4
1865	9.1	6.5
1866	9.1	6.6
1867	9.1	6.7
1868	9.1	6.8
1869	9.1	6.9
1870	9.1	7.0
1871	9.1	7.1
1872	9.1	7.2
1873	9.1	7.3
1874	9.1	7.4
1875	9.1	7.5
1876	9.1	7.6
1877	9.1	7.7
1878	9.1	7.8
1879	9.1	7.9
1880	9.1	8.0
1881	9.1	8.1
1882	9.1	8.2
1883	9.1	8.3
1884	9.1	8.4
1885	9.1	8.5
1886	9.1	8.6
1887	9.1	8.7
1888	9.1	8.8
1889	9.1	8.9
1890	9.1	9.0
1891	9.1	9.1
1892	9.1	9.2
1893	9.1	9.3
1894	9.1	9.4
1895	9.1	9.5
1896	9.1	9.6
1897	9.1	9.7
1898	9.1	9.8
1899	9.1	9.9
1900	9.6	0.0
1901	9.6	0.1
1902	9.6	0.2
1903	9.6	0.3
1904	9.6	0.4
1905	9.6	0.5
1906	9.6	0.6
1907	9.6	0.7
1908	9.6	0.8
1909	9.6	0.9
1910	9.6	1.0
1911	9.6	1.1
1912	9.6	1.2
1913	9.6	1.3
1914	9.6	1.4
1915	9.6	1.5
1916	9.6	1.6
1917	9.6	1.7
1918	9.6	1.8
1919	9.6	1.9
1920	9.6	2.0
1921	9.6	2.1
1922	9.6	2.2
1923	9.6	2.3
1924	9.6	2.4
1925	9.6	2.5
1926	9.6	2.6
1927	9.6	2.7
1928	9.6	2.8
1929	9.6	2.9
1930	9.6	3.0
1931	9.6	3.1
1932	9.6	3.2
1933	9.6	3.3
1934	9.6	3.4
1935	9.6	3.5
1936	9.6	3.6
1937	9.6	3.7
1938	9.6	3.8
1939	9.6	3.9
1940	9.6	4.0
1941	9.6	4.1
1942	9.6	4.2
1943	9.6	4.3
1944	9.6	4.4
1945	9.6	4.5
1946	9.6	4.6
1947	9.6	4.7
1948	9.6	4.8
1949	9.6	4.9
1950	9.6	5.0
1951	9.6	5.1
1952	9.6	5.2
1953	9.6	5.3
1954	9.6	5.4
1955	9.6	5.5
1956	9.6	5.6
1957	9.6	5.7
1958	9.6	5.8
1959	9.6	5.9
1960	9.6	6.0
1961	9.6	6.1
1962	9.6	6.2
1963	9.6	6.3
1964	9.6	6.4
1965	9.6	6.5
1966	9.6	6.6
1967	9.6	6.7
1968	9.6	6.8
1969	9.6	6.9
1970	9.6	7.0
1971	9.6	7.1
1972	9.6	7.2
1973	9.6	7.3
1974	9.6	7.4
1975	9.6	7.5
1976	9.6	7.6
1977	9.6	7.7
1978	9.6	7.8
1979	9.6	7.9
1980	9.6	8.0
1981	9.6	8.1
1982	9.6	8.2
1983	9.6	8.3
1984	9.6	8.4
1985	9.6	8.5
1986	9.6	8.6
1987	9.6	8.7
1988	9.6	8.8
1989	9.6	8.9
1990	9.6	9.0
1991	9.6	9.1
1992	9.6	9.2
1993	9.6	9.3
1994	9.6	9.4
1995	9.6	9.5
1996	9.6	9.6
1997	9.6	9.7
1998	9.6	9.8
1999	9.6	9.9
2000	-10.0	0.0
2001	-10.0	0.1
2002	-10.0	0.2
2003	-10.0	0.3
2004	-10.0	0.4
2005	-10.0	0.5
2006	-10.0	0.6
2007	-10.0	0.7
2008	-10.0	0.8
2009	-10.0	0.9
2010	-10.0	1.0
2011	-10.0	1.1
2012	-10.0	1.2
2013	-10.0	1.3
2014	-10.0	1.4
2015	-10.0	1.5
2016	-10.0	1.6
2017	-10.0	1.7
2018	-10.0	1.8
2019	-10.0	1.9
2020	-10.0	2.0
2021	-10.0	2.1
2022	-10.0	2.2
2023	-10.0	2.3
2024	-10.0	2.4
2025	-10.0	2.5
2026	-10.0	2.6
2027	-10.0	2.7
2028	-10.0	2.8
2029	-10.0	2.9
2030	-10.0	3.0
2031	-10.0	3.1
2032	-10.0	3.2
2033	-10.0	3.3
2034	-10.0	3.4
2035	-10.0	3.5
2036	-10.0	3.6
2037	-10.0	3.7
2038	-10.0	3.8
2039	-10.0	3.9
2040	-10.0	4.0
2041	-10.0	4.1
2042	-10.0	4.2
2043	-10.0	4.3
2044	-10.0	4.4
2045	-10.0	4.5
2046	-10.0	4.6
2047	-10.0	4.7
2048	-10.0	4.8
2049	-10.0	4.9
2050	-10.0	5.0
2051	-10.0	5.1
2052	-10.0	5.2
2053	-10.0	5.3
2054	-10.0	5.4
2055	-10.0	5.5
2056	-10.0	5.6
2057	-10.0	5.7
2058	-10.0	5.8
2059	-10.0	5.9
2060	-10.0	6.0
2061	-10.0	6.1
2062	-10.0	6.2
2063	-10.0	6.3
2064	-10.0	6.4
2065	-10.0	6.5
2066	-10.0	6.6
2067	-10.0	6.7
2068	-10.0	6.8
2069	-10.0	6.9
2070	-10.0	7.0
2071	-10.0	7.1
2072	-10.0	7.2
2073	-10.0	7.3
2074	-10.0	7.4
2075	-10.0	7.5
2076	-10.0	7.6
2077	-10.0	7.7
2078	-10.0	7.8
2079	-10.0	7.9
2080	-10.0	8.0
2081	-10.0	8.1
2082	-10.0	8.2
2083	-10.0	8.3
2084	-10.0	8.4
2085	-10.0	8.5
2086	-10.0	8.6
2087	-10.0	8.7
2088	-10.0	8.8
2089	-10.0	8.9
2090	-10.0	9.0
2091	-10.0	9.1
2092	-10.0	9.2
2093	-10.0	9.3
2094	-10.0	9.4
2095	-10.0	9.5
2096	-10.0	9.6
2097	-10.0	9.7
2098	-10.0	9.8
2099	-10.0	9.9
2100	-9.5	0.0
2101	-9.5	0.1
2102	-9.5	0.2
2103	-9.5	0.3
2104	-9.5	0.4
2105	-9.5	0.5
2106	-9.5	0.6
2107	-9.5	0.7
2108	-9.5	0.8
2109	-9.5	0.9
2110	-9.5	1.0
2111	-9.5	1.1
2112	-9.5	1.2
2113	-9.5	1.3
2114	-9.5	1.4
2115	-9.5	1.5
2116	-9.5	1.6
2117	-9.5	1.7
2118	-9.5	1.8
2119	-9.5	1.9
2120	-9.5	2.0
2121	-9.5	2.1
2122	-9.5	2.2
2123	-9.5	2.3
2124	-9.5	2.4
2125	-9.5	2.5
2126	-9.5	2.6
2127	-9.5	2.7
2128	-9.5	2.8
2129	-9.5	2.9
2130	-9.5	3.0
2131	-9.5	3.1
2132	-9.5	3.2
2133	-9.5	3.3
2134	-9.5	3.4
2135	-9.5	3.5
2136	-9.5	3.6
2137	-9.5	3.7
2138	-9.5	3.8
2139	-9.5	3.9
2140	-9.5	4.0
2141	-9.5	4.1
2142	-9.5	4.2
2143	-9.5	4.3
2144	-9.5	4.4
2145	-9.5	4.5
2146	-9.5	4.6
2147	-9.5	4.7
2148	-9.5	4.8
2149	-9.5	4.9
2150	-9.5	5.0
2151	-9.5	5.1
2152	-9.5	5.2
2153	-9.5	5.3
2154	-9.5	5.4
2155	-9.5	5.5
2156	-9.5	5.6
2157	-9.5	5.7
2158	-9.5	5.8
2159	-9.5	5.9
2160	-9.5	6.0
2161	-9.5	6.1
2162	-9.5	6.2
2163	-9.5	6.3
2164	-9.5	6.4
2165	-9.5	6.5
2166	-9.5	6.6
2167	-9.5	6.7
2168	-9.5	6.8
2169	-9.5	6.9
2170	-9.5	7.0
2171	-9.5	7.1
2172	-9.5	7.2
2173	-9.5	7.3
2174	-9.5	7.4
2175	-9.5	7.5
2176	-9.5	7.6
2177	-9.5	7.7
2178	-9.5	7.8
2179	-9.5	7.9
2180	-9.5	8.0
2181	-9.5	8.1
2182	-9.5	8.2
2183	-9.5	8.3
2184	-9.5	8.4
2185	-9.5	8.5
2186	-9.5	8.6
2187	-9.5	8.7
2188	-9.5	8.8
2189	-9.5	8.9
2190	-9.5	9.0
2191	-9.5	9.1
2192	-9.5	9.2
2193	-9.5	9.3
2194	-9.5	9.4
2195	-9.5	9.5
2196	-9.5	9.6
2197	-9.5	9.7
2198	-9.5	9.8
2199	-9.5	9.9
2200	-9.0	0.0
2201	-9.0	0.1
2202	-9.0	0.2
2203	-9.0	0.3
2204	-9.0	0.4
2205	-9.0	0.5
2206	-9.0	0.6
2207	-9.0	0.7
2208	-9.0	0.8
2209	-9.0	0.9
2210	-9.0	1.0
2211	-9.0	1.1
2212	-9.0	1.2
2213	-9.0	1.3
2214	-9.0	1.4
2215	-9.0	1.5
2216	-9.0	1.6
2217	-9.0	1.7
2218	-9.0	1.8
2219	-9.0	1.9
2220	-9.0	2.0
2221	-9.0	2.1
2222	-9.0	2.2
2223	-9.0	2.3
2224	-9.0	2.4
2225	-9.0	2.5
2226	-9.0	2.6
2227	-9.0	2.7
2228	-9.0	2.8
2229	-9.0	2.9
2230	-9.0	3.0
2231	-9.0	3.1
2232	-9.0	3.2
2233	-9.0	3.3
2234	-9.0	3.4
2235	-9.0	3.5
2236	-9.0	3.6
2237	-9.0	3.7
2238	-9.0	3.8
2239	-9.0	3.9
2240	-9.0	4.0
2241	-9.0	4.1
2242	-9.0	4.2
2243	-9.0	4.3
2244	-9.0	4.4
2245	-9.0	4.5
2246	-9.0	4.6
2247	-9.0	4.7
2248	-9.0	4.8
2249	-9.0	4.9
2250	-9.0	5.0
2251	-9.0	5.1
2252	-9.0	5.2
2253	-9.0	5.3
2254	-9.0	5.4
2255	-9.0	5.5
2256	-9.0	5.6
2257	-9.0	5.7
2258	-9.0	5.8
2259	-9.0	5.9
2260	-9.0	6.0
2261	-9.0	6.1
2262	-9.0	6.2
2263	-9.0	6.3
2264	-9.0	6.4
2265	-9.0	6.5
2266	-9.0	6.6
2267	-9.0	6.7
2268	-9.0	6.8
2269	-9.0	6.9
2270	-9.0	7.0
2271	-9.0	7.1
2272	-9.0	7.2
2273	-9.0	7.3
2274	-9.0	7.4
2275	-9.0	7.5
2276	-9.0	7.6
2277	-9.0	7.7
2278	-9.0	7.8
2279	-9.0	7.9
2280	-9.0	8.0
2281	-9.0	8.1
2282	-9.0	8.2
2283	-9.0	8.3
2284	-9.0	8.4
2285	-9.0	8.5
2286	-9.0	8.6
2287	-9.0	8.7
2288	-9.0	8.8
2289	-9.0	8.9
2290	-9.0	9.0
2291	-9.0	9.1
2292	-9.0	9.2
2293	-9.0	9.3
2294	-9.0	9.4
2295	-9.0	9.5
2296	-9.0	9.6
2297	-9.0	9.7
2298	-9.0	9.8
2299	-9.0	9.9
2300	-8.5	0.0
2301	-8.5	0.1
2302	-8.5	0.2
2303	-8.5	0.3
2304	-8.5	0.4
2305	-8.5	0.5
2306	-8.5	0.6
2307	-8.5	0.7
2308	-8.5	0.8
2309	-8.5	0.9
2310	-8.5	1.0
2311	-8.5	1.1
2312	-8.5	1.2
2313	-8.5	1.3
2314	-8.5	1.4
2315	-8.5	1.5
2316	-8.5	1.6
2317	-8.5	1.7
2318	-8.5	1.8
2319	-8.5	1.9
2320	-8.5	2.0
2321	-8.5	2.1
2322	-8.5	2.2
2323	-8.5	2.3
2324	-8.5	2.4
2325	-8.5	2.5
2326	-8.5	2.6
2327	-8.5	2.7
2328	-8.5	2.8
2329	-8.5	2.9
2330	-8.5	3.0
2331	-8.5	3.1
2332	-8.5	3.2
2333	-8.5	3.3
2334	-8.5	3.4
2335	-8.5	3.5
2336	-8.5	3.6
2337	-8.5	3.7
2338	-8.5	3.8
2339	-8.5	3.9
2340	-8.5	4.0
2341	-8.5	4.1
2342	-8.5	4.2
2343	-8.5	4.3
2344	-8.5	4.4
2345	-8.5	4.5
2346	-8.5	4.6
2347	-8.5	4.7
2348	-8.5	4.8
2349	-8.5	4.9
2350	-8.5	5.0
2351	-8.5	5.1
2352	-8.5	5.2
2353	-8.5	5.3
2354	-8.5	5.4
2355	-8.5	5.5
2356	-8.5	5.6
2357	-8.5	5.7
2358	-8.5	5.8
2359	-8.5	5.9
2360	-8.5	6.0
2361	-8.5	6.1
2362	-8.5	6.2
2363	-8.5	6.3
2364	-8.5	6.4
2365	-8.5	6.5
2366	-8.5	6.6
2367	-8.5	6.7
2368	-8.5	6.8
2369	-8.5	6.9
2370	-8.5	7.0
2371	-8.5	7.1
2372	-8.5	7.2
2373	-8.5	7.3
2374	-8.5	7.4
2375	-8.5	7.5
2376	-8.5	7.6
2377	-8.5	7.7
2378	-8.5	7.8
2379	-8.5	7.9
2380	-8.5	8.0
2381	-8.5	8.1
2382	-8.5	8.2
2383	-8.5	8.3
2384	-8.5	8.4
2385	-8.5	8.5
2386	-8.5	8.6
2387	-8.5	8.7
2388	-8.5	8.8
2389	-8.5	8.9
2390	-8.5	9.0
2391	-8.5	9.1
2392	-8.5	9.2
2393	-8.5	9.3
2394	-8.5	9.4
2395	-8.5	9.5
2396	-8.5	9.6
2397	-8.5	9.7
2398	-8.5	9.8
2399	-8.5	9.9
2400	-8.0	0.0
2401	-8.0	0.1
2402	-8.0	0.2
2403	-8.0	0.3
2404	-8.0	0.4
2405	-8.0	0.5
2406	-8.0	0.6
2407	-8.0	0.7
2408	-8.0	0.8
2409	-8.0	0.9
2410	-8.0	1.0
2411	-8.0	1.1
2412	-8.0	1.2
2413	-8.0	1.3
2414	-8.0	1.4
2415	-8.0	1.5
2416	-8.0	1.6
2417	-8.0	1.7
2418	-8.0	1.8
2419	-8.0	1.9
2420	-8.0	2.0
2421	-8.0	2.1
2422	-8.0	2.2
2423	-8.0	2.3
2424	-8.0	2.4
2425	-8.0	2.5
2426	-8.0	2.6
2427	-8.0	2.7
2428	-8.0	2.8
2429	-8.0	2.9
2430	-8.0	3.0
2431	-8.0	3.1
2432	-8.0	3.2
2433	-8.0	3.3
2434	-8.0	3.4
2435	-8.0	3.5
2436	-8.0	3.6
2437	-8.0	3.7
2438	-8.0	3.8
2439	-8.0	3.9
2440	-8.0	4.0
2441	-8.0	4.1
2442	-8.0	4.2
2443	-8.0	4.3
2444	-8.0	4.4
2445	-8.0	4.5
2446	-8.0	4.6
2447	-8.0	4.7
2448	-8.0	4.8
2449	-8.0	4.9
2450	-8.0	5.0
2451	-8.0	5.1
2452	-8.0	5.2
2453	-8.0	5.3
2454	-8.0	5.4
2455	-8.0	5.5
2456	-8.0	5.6
2457	-8.0	5.7
2458	-8.0	5.8
2459	-8.0	5.9
2460	-8.0	6.0
2461	-8.0	6.1
2462	-8.0	6.2
2463	-8.0	6.3
2464	-8.0	6.4
2465	-8.0	6.5
2466	-8.0	6.6
2467	-8.0	6.7
2468	-8.0	6.8
2469	-8.0	6.9
2470	-8.0	7.0
2471	-8.0	7.1
2472	-8.0	7.2
2473	-8.0	7.3
2474	-8.0	7.4
2475	-8.0	7.5
2476	-8.0	7.6
2477	-8.0	7.7
2478	-8.0	7.8
2479	-8.0	7.9
2480	-8.0	8.0
2481	-8.0	8.1
2482	-8.0	8.2
2483	-8.0	8.3
2484	-8.0	8.4
2485	-8.0	8.5
2486	-8.0	8.6
2487	-8.0	8.7
2488	-8.0	8.8
2489	-8.0	8.9
2490	-8.0	9.0
2491	-8.0	9.1
2492	-8.0	9.2
2493	-8.0	9.3
2494	-8.0	9.4
2495	-8.0	9.5
2496	-8.0	9.6
2497	-8.0	9.7
2498	-8.0	9.8
2499	-8.0	9.9
2500	-7.5	0.0
2501	-7.5	0.1
2502	-7.5	0.2
2503	-7.5	0.3
2504	-7.5	0.4
2505	-7.5	0.5
2506	-7.5	0.6
2507	-7.5	0.7
2508	-7.5	0.8
2509	-7.5	0.9
2510	-7.5	1.0
2511	-7.5	1.1
2512	-7.5	1.2
2513	-7.5	1.3
2514	-7.5	1.4
2515	-7.5	1.5
2516	-7.5	1.6
2517	-7.5	1.7
2518	-7.5	1.8
2519	-7.5	1.9
2520	-7.5	2.0
2521	-7.5	2.1
2522	-7.5	2.2
2523	-7.5	2.3
2524	-7.5	2.4
2525	-7.5	2.5
2526	-7.5	2.6
2527	-7.5	2.7
2528	-7.5	2.8
2529	-7.5	2.9
2530	-7.5	3.0
2531	-7.5	3.1
2532	-7.5	3.2
2533	-7.5	3.3
2534	-7.5	3.4
2535	-7.5	3.5
2536	-7.5	3.6
2537	-7.5	3.7
2538	-7.5	3.8
2539	-7.5	3.9
2540	-7.5	4.0
2541	-7.5	4.1
2542	-7.5	4.2
2543	-7.5	4.3
2544	-7.5	4.4
2545	-7.5	4.5
2546	-7.5	4.6
2547	-7.5	4.7
2548	-7.5	4.8
2549	-7.5	4.9
2550	-7.5	5.0
2551	-7.5	5.1
2552	-7.5	5.2
2553	-7.5	5.3
2554	-7.5	5.4
2555	-7.5	5.5
2556	-7.5	5.6
2557	-7.5	5.7
2558	-7.5	5.8
2559	-7.5	5.9
2560	-7.5	6.0
2561	-7.5	6.1
2562	-7.5	6.2
2563	-7.5	6.3
2564	-7.5	6.4
2565	-7.5	6.5
2566	-7.5	6.6
2567	-7.5	6.7
2568	-7.5	6.8
2569	-7.5	6.9
2570	-7.5	7.0
2571	-7.5	7.1
2572	-7.5	7.2
2573	-7.5	7.3
2574	-7.5	7.4
2575	-7.5	7.5
2576	-7.5	7.6
2577	-7.5	7.7
2578	-7.5	7.8
2579	-7.5	7.9
2580	-7.5	8.0
2581	-7.5	8.1
2582	-7.5	8.2
2583	-7.5	8.3
2584	-7.5	8.4
2585	-7.5	8.5
2586	-7.5	8.6
2587	-7.5	8.7
2588	-7.5	8.8
2589	-7.5	8.9
2590	-7.5	9.0
2591	-7.5	9.1
2592	-7.5	9.2
2593	-7.5	9.3
2594	-7.5	9.4
2595	-7.5	9.5
2596	-7.5	9.6
2597	-7.5	9.7
2598	-7.5	9.8
2599	-7.5	9.9
2600	-7.0	0.0
2601	-7.0	0.1
2602	-7.0	0.2
2603	-7.0	0.3
2604	-7.0	0.4
2605	-7.0	0.5
2606	-7.0	0.6
2607	-7.0	0.7
2608	-7.0	0.8
2609	-7.0	0.9
2610	-7.0	1.0
2611	-7.0	1.1
2612	-7.0	1.2
2613	-7.0	1.3
2614	-7.0	1.4
2615	-7.0	1.5
2616	-7.0	1.6
2617	-7.0	1.7
2618	-7.0	1.8
2619	-7.0	1.9
2620	-7.0	2.0
2621	-7.0	2.1
2622	-7.0	2.2
2623	-7.0	2.3
2624	-7.0	2.4
2625	-7.0	2.5
2626	-7.0	2.6
2627	-7.0	2.7
2628	-7.0	2.8
2629	-7.0	2.9
2630	-7.0	3.0
2631	-7.0	3.1
2632	-7.0	3.2
2633	-7.0	3.3
2634	-7.0	3.4
2635	-7.0	3.5
2636	-7.0	3.6
2637	-7.0	3.7
2638	-7.0	3.8
2639	-7.0	3.9
2640	-7.0	4.0
2641	-7.0	4.1
2642	-7.0	4.2
2643	-7.0	4.3
2644	-7.0	4.4
2645	-7.0	4.5
2646	-7.0	4.6
2647	-7.0	4.7
2648	-7.0	4.8
2649	-7.0	4.9
2650	-7.0	5.0
2651	-7.0	5.1
2652	-7.0	5.2
2653	-7.0	5.3
2654	-7.0	5.4
2655	-7.0	5.5
2656	-7.0	5.6
2657	-7.0	5.7
2658	-7.0	5.8
2659	-7.0	5.9
2660	-7.0	6.0
2661	-7.0	6.1
2662	-7.0	6.2
2663	-7.0	6.3
2664	-7.0	6.4
2665	-7.0	6.5
2666	-7.0	6.6
2667	-7.0	6.7
2668	-7.0	6.8
2669	-7.0	6.9
2670	-7.0	7.0
2671	-7.0	7.1
2672	-7.0	7.2
2673	-7.0	7.3
2674	-7.0	7.4
2675	-7.0	7.5
2676	-7.0	7.6
2677	-7.0	7.7
2678	-7.0	7.8
2679	-7.0	7.9
2680	-7.0	8.0
2681	-7.0	8.1
2682	-7.0	8.2
2683	-7.0	8.3
2684	-7.0	8.4
2685	-7.0	8.5
2686	-7.0	8.6
2687	-7.0	8.7
2688	-7.0	8.8
2689	-7.0	8.9
2690	-7.0	9.0
2691	-7.0	9.1
2692	-7.0	9.2
2693	-7.0	9.3
2694	-7.0	9.4
2695	-7.0	9.5
2696	-7.0	9.6
2697	-7.0	9.7
2698	-7.0	9.8
2699	-7.0	9.9
2700	-6.5	0.0
2701	-6.5	0.1
2702	-6.5	0.2
2703	-6.5	0.3
2704	-6.5	0.4
2705	-6.5	0.5
2706	-6.5	0.6
2707	-6.5	0.7
2708	-6.5	0.8
2709	-6.5	0.9
2710	-6.5	1.0
2711	-6.5	1.1
2712	-6.5	1.2
2713	-6.5	1.3
2714	-6.5	1.4
2715	-6.5	1.5
2716	-6.5	1.6
2717	-6.5	1.7
2718	-6.5	1.8
2719	-6.5	1.9
2720	-6.5	2.0
2721	-6.5	2.1
2722	-6.5	2.2
2723	-6.5	2.3
2724	-6.5	2.4
2725	-6.5	2.5
2726	-6.5	2.6
2727	-6.5	2.7
2728	-6.5	2.8
2729	-6.5	2.9
2730	-6.5	3.0
2731	-6.5	3.1
2732	-6.5	3.2
2733	-6.5	3.3
2734	-6.5	3.4
2735	-6.5	3.5
2736	-6.5	3.6
2737	-6.5	3.7
2738	-6.5	3.8
2739	-6.5	3.9
2740	-6.5	4.0
2741	-6.5	4.1
2742	-6.5	4.2
2743	-6.5	4.3
2744	-6.5	4.4
2745	-6.5	4.5
2746	-6.5	4.6
2747	-6.5	4.7
2748	-6.5	4.8
2749	-6.5	4.9
2750	-6.5	5.0
2751	-6.5	5.1
2752	-6.5	5.2
2753	-6.5	5.3
2754	-6.5	5.4
2755	-6.5	5.5
2756	-6.5	5.6
2757	-6.5	5.7
2758	-6.5	5.8
2759	-6.5	5.9
2760	-6.5	6.0
2761	-6.5	6.1
2762	-6.5	6.2
2763	-6.5	6.3
2764	-6.5	6.4
2765	-6.5	6.5
2766	-6.5	6.6
2767	-6.5	6.7
2768	-6.5	6.8
2769	-6.5	6.9
2770	-6.5	7.0
2771	-6.5	7.1
2772	-6.5	7.2
2773	-6.5	7.3
2774	-6.5	7.4
2775	-6.5	7.5
2776	-6.5	7.6
2777	-6.5	7.7
2778	-6.5	7.8
2779	-6.5	7.9
2780	-6.5	8.0
2781	-6.5	8.1
2782	-6.5	8.2
2783	-6.5	8.3
2784	-6.5	8.4
2785	-6.5	8.5
2786	-6.5	8.6
2787	-6.5	8.7
2788	-6.5	8.8
2789	-6.5	8.9
2790	-6.5	9.0
2791	-6.5	9.1
2792	-6.5	9.2
2793	-6.5	9.3
2794	-6.5	9.4
2795	-6.5	9.5
2796	-6.5	9.6
2797	-6.5	9.7
2798	-6.5	9.8
2799	-6.5	9.9
2800	-6.0	0.0
2801	-6.0	0.1
2802	-6.0	0.2
2803	-6.0	0.3
2804	-6.0	0.4
2805	-6.0	0.5
2806	-6.0	0.6
2807	-6.0	0.7
2808	-6.0	0.8
2809	-6.0	0.9
2810	-6.0	1.0
2811	-6.0	1.1
2812	-6.0	1.2
2813	-6.0	1.3
2814	-6.0	1.4
2815	-6.0	1.5
2816	-6.0	1.6
2817	-6.0	1.7
2818	-6.0	1.8
2819	-6.0	1.9
2820	-6.0	2.0
2821	-6.0	2.1
2822	-6.0	2.2
2823	-6.0	2.3
2824	-6.0	2.4
2825	-6.0	2.5
2826	-6.0	2.6
2827	-6.0	2.7
2828	-6.0	2.8
2829	-6.0	2.9
2830	-6.0	3.0
2831	-6.0	3.1
2832	-6.0	3.2
2833	-6.0	3.3
2834	-6.0	3.4
2835	-6.0	3.5
2836	-6.0	3.6
2837	-6.0	3.7
2838	-6.0	3.8
2839	-6.0	3.9
2840	-6.0	4.0
2841	-6.0	4.1
2842	-6.0	4.2
2843	-6.0	4.3
2844	-6.0	4.4
2845	-6.0	4.5
2846	-6.0	4.6
2847	-6.0	4.7
2848	-6.0	4.8
2849	-6.0	4.9
2850	-6.0	5.0
2851	-6.0	5.1
2852	-6.0	5.2
2853	-6.0	5.3
2854	-6.0	5.4
2855	-6.0	5.5
2856	-6.0	5.6
2857	-6.0	5.7
2858	-6.0	5.8
2859	-6.0	5.9
2860	-6.0	6.0
2861	-6.0	6.1
2862	-6.0	6.2
2863	-6.0	6.3
2864	-6.0	6.4
2865	-6.0	6.5
2866	-6.0	6.6
2867	-6.0	6.7
2868	-6.0	6.8
2869	-6.0	6.9
2870	-6.0	7.0
2871	-6.0	7.1
2872	-6.0	7.2
2873	-6.0	7.3
2874	-6.0	7.4
2875	-6.0	7.5
2876	-6.0	7.6
2877	-6.0	7.7
2878	-6.0	7.8
2879	-6.0	7.9
2880	-6.0	8.0
2881	-6.0	8.1
2882	-6.0	8.2
2883	-6.0	8.3
2884	-6.0	8.4
2885	-6.0	8.5
2886	-6.0	8.6
2887	-6.0	8.7
2888	-6.0	8.8
2889	-6.0	8.9
2890	-6.0	9.0
2891	-6.0	9.1
2892	-6.0	9.2
2893	-6.0	9.3
2894	-6.0	9.4
2895	-6.0	9.5
2896	-6.0	9.6
2897	-6.0	9.7
2898	-6.0	9.8
2899	-6.0	9.9
2900	-5.5	0.0
2901	-5.5	0.1
2902	-5.5	0.2
2903	-5.5	0.3
2904	-5.5	0.4
2905	-5.5	0.5
2906	-5.5	0.6
2907	-5.5	0.7
2908	-5.5	0.8
2909	-5.5	0.9
2910	-5.5	1.0
2911	-5.5	1.1
2912	-5.5	1.2
2913	-5.5	1.3
2914	-5.5	1.4
2915	-5.5	1.5
2916	-5.5	1.6
2917	-5.5	1.7
2918	-5.5	1.8
2919	-5.5	1.9
2920	-5.5	2.0
2921	-5.5	2.1
2922	-5.5	2.2
2923	-5.5	2.3
2924	-5.5	2.4
2925	-5.5	2.5
2926	-5.5	2.6
2927	-5.5	2.7
2928	-5.5	2.8
2929	-5.5	2.9
2930	-5.5	3.0
2931	-5.5	3.1
2932	-5.5	3.2
2933	-5.5	3.3
2934	-5.5	3.4
2935	-5.5	3.5
2936	-5.5	3.6
2937	-5.5	3.7
2938	-5.5	3.8
2939	-5.5	3.9
2940	-5.5	4.0
2941	-5.5	4.1
2942	-5.5	4.2
2943	-5.5	4.3
2944	-5.5	4.4
2945	-5.5	4.5
2946	-5.5	4.6
2947	-5.5	4.7
2948	-5.5	4.8
2949	-5.5	4.9
2950	-5.5	5.0
2951	-5.5	5.1
2952	-5.5	5.2
2953	-5.5	5.3
2954	-5.5	5.4
2955	-5.5	5.5
2956	-5.5	5.6
2957	-5.5	5.7
2958	-5.5	5.8
2959	-5.5	5.9
2960	-5.5	6.0
2961	-5.5	6.1
2962	-5.5	6.2
2963	-5.5	6.3
2964	-5.5	6.4
2965	-5.5	6.5
2966	-5.5	6.6
2967	-5.5	6.7
2968	-5.5	6.8
2969	-5.5	6.9
2970	-5.5	7.0
2971	-5.5	7.1
2972	-5.5	7.2
2973	-5.5	7.3
2974	-5.5	7.4
2975	-5.5	7.5
2976	-5.5	7.6
2977	-5.5	7.7
2978	-5.5	7.8
2979	-5.5	7.9
2980	-5.5	8.0
2981	-5.5	8.1
2982	-5.5	8.2
2983	-5.5	8.3
2984	-5.5	8.4
2985	-5.5	8.5
2986	-5.5	8.6
2987	-5.5	8.7
2988	-5.5	8.8
2989	-5.5	8.9
2990	-5.5	9.0
2991	-5.5	9.1
2992	-5.5	9.2
2993	-5.5	9.3
2994	-5.5	9.4
2995	-5.5	9.5
2996	-5.5	9.6
2997	-5.5	9.7
2998	-5.5	9.8
2999	-5.5	9.9
3000	-5.0	0.0
3001	-5.0	0.1
3002	-5.0	0.2
3003	-5.0	0.3
3004	-5.0	0.4
3005	-5.0	0.5
3006	-5.0	0.6
3007	-5.0	0.7
3008	-5.0	0.8
3009	-5.0	0.9
3010	-5.0	1.0
3011	-5.0	1.1
3012	-5.0	1.2
3013	-5.0	1.3
3014	-5.0	1.4
3015	-5.0	1.5
3016	-5.0	1.6
3017	-5.0	1.7
3018	-5.0	1.8
3019	-5.0	1.9
3020	-5.0	2.0
3021	-5.0	2.1
3022	-5.0	2.2
3023	-5.0	2.3
3024	-5.0	2.4
3025	-5.0	2.5
3026	-5.0	2.6
3027	-5.0	2.7
3028	-5.0	2.8
3029	-5.0	2.9
3030	-5.0	3.0
3031	-5.0	3.1
3032	-5.0	3.2
3033	-5.0	3.3
3034	-5.0	3.4
3035	-5.0	3.5
3036	-5.0	3.6
3037	-5.0	3.7
3038	-5.0	3.8
3039	-5.0	3.9
3040	-5.0	4.0
3041	-5.0	4.1
3042	-5.0	4.2
3043	-5.0	4.3
3044	-5.0	4.4
3045	-5.0	4.5
3046	-5.0	4.6
3047	-5.0	4.7
3048	-5.0	4.8
3049	-5.0	4.9
3050	-5.0	5.0
3051	-5.0	5.1
3052	-5.0	5.2
3053	-5.0	5.3
3054	-5.0	5.4
3055	-5.0	5.5
3056	-5.0	5.6
3057	-5.0	5.7
3058	-5.0	5.8
3059	-5.0	5.9
3060	-5.0	6.0
3061	-5.0	6.1
3062	-5.0	6.2
3063	-5.0	6.3
3064	-5.0	6.4
3065	-5.0	6.5
3066	-5.0	6.6
3067	-5.0	6.7
3068	-5.0	6.8
3069	-5.0	6.9
3070	-5.0	7.0
3071	-5.0	7.1
3072	-5.0	7.2
3073	-5.0	7.3
3074	-5.0	7.4
3075	-5.0	7.5
3076	-5.0	7.6
3077	-5.0	7.7
3078	-5.0	7.8
3079	-5.0	7.9
3080	-5.0	8.0
3081	-5.0	8.1
3082	-5.0	8.2
3083	-5.0	8.3
3084	-5.0	8.4
3085	-5.0	8.5
3086	-5.0	8.6
3087	-5.0	8.7
3088	-5.0	8.8
3089	-5.0	8.9
3090	-5.0	9.0
3091	-5.0	9.1
3092	-5.0	9.2
3093	-5.0	9.3
3094	-5.0	9.4
3095	-5.0	9.5
3096	-5.0	9.6
3097	-5.0	9.7
3098	-5.0	9.8
3099	-5.0	9.9
3100	-4.5	0.0
3101	-4.5	0.1
3102	-4.5	0.2
3103	-4.5	0.3
3104	-4.5	0.4
3105	-4.5	0.5
3106	-4.5	0.6
3107	-4.5	0.7
3108	-4.5	0.8
3109	-4.5	0.9
3110	-4.5	1.0
3111	-4.5	1.1
3112	-4.5	1.2
3113	-4.5	1.3
3114	-4.5	1.4
3115	-4.5	1.5
3116	-4.5	1.6
3117	-4.5	1.7
3118	-4.5	1.8
3119	-4.5	1.9
3120	-4.5	2.0
3121	-4.5	2.1
3122	-4.5	2.2
3123	-4.5	2.3
3124	-4.5	2.4
3125	-4.5	2.5
3126	-4.5	2.6
3127	-4.5	2.7
3128	-4.5	2.8
3129	-4.5	2.9
3130	-4.5	3.0
3131	-4.5	3.1
3132	-4.5	3.2
3133	-4.5	3.3
3134	-4.5	3.4
3135	-4.5	3.5
3136	-4.5	3.6
3137	-4.5	3.7
3138	-4.5	3.8
3139	-4.5	3.9
3140	-4.5	4.0
3141	-4.5	4.1
3142	-4.5	4.2
3143	-4.5	4.3
3144	-4.5	4.4
3145	-4.5	4.5
3146	-4.5	4.6
3147	-4.5	4.7
3148	-4.5	4.8
3149	-4.5	4.9
3150	-4.5	5.0
3151	-4.5	5.1
3152	-4.5	5.2
3153	-4.5	5.3
3154	-4.5	5.4
3155	-4.5	5.5
3156	-4.5	5.6
3157	-4.5	5.7
3158	-4.5	5.8
3159	-4.5	5.9
3160	-4.5	6.0
3161	-4.5	6.1
3162	-4.5	6.2
3163	-4.5	6.3
3164	-4.5	6.4
3165	-4.5	6.5
3166	-4.5	6.6
3167	-4.5	6.7
3168	-4.5	6.8
3169	-4.5	6.9
3170	-4.5	7.0
3171	-4.5	7.1
3172	-4.5	7.2
3173	-4.5	7.3
3174	-4.5	7.4
3175	-4.5	7.5
3176	-4.5	7.6
3177	-4.5	7.7
3178	-4.5	7.8
3179	-4.5	7.9
3180	-4.5	8.0
3181	-4.5	8.1
3182	-4.5	8.2
3183	-4.5	8.3
3184	-4.5	8.4
3185	-4.5	8.5
3186	-4.5	8.6
3187	-4.5	8.7
3188	-4.5	8.8
3189	-4.5	8.9
3190	-4.5	9.0
3191	-4.5	9.1
3192	-4.5	9.2
3193	-4.5	9.3
3194	-4.5	9.4
3195	-4.5	9.5
3196	-4.5	9.6
3197	-4.5	9.7
3198	-4.5	9.8
3199	-4.5	9.9
3200	-4.0	0.0
3201	-4.0	0.1
3202	-4.0	0.2
3203	-4.0	0.3
3204	-4.0	0.4
3205	-4.0	0.5
3206	-4.0	0.6
3207	-4.0	0.7
3208	-4.0	0.8
3209	-4.0	0.9
3210	-4.0	1.0
3211	-4.0	1.1
3212	-4.0	1.2
3213	-4.0	1.3
3214	-4.0	1.4
3215	-4.0	1.5
3216	-4.0	1.6
3217	-4.0	1.7
3218	-4.0	1.8
3219	-4.0	1.9
3220	-4.0	2.0
3221	-4.0	2.1
3222	-4.0	2.2
3223	-4.0	2.3
3224	-4.0	2.4
3225	-4.0	2.5
3226	-4.0	2.6
3227	-4.0	2.7
3228	-4.0	2.8
3229	-4.0	2.9
3230	-4.0	3.0
3231	-4.0	3.1
3232	-4.0	3.2
3233	-4.0	3.3
3234	-4.0	3.4
3235	-4.0	3.5
3236	-4.0	3.6
3237	-4.0	3.7
3238	-4.0	3.8
3239	-4.0	3.9
3240	-4.0	4.0
3241	-4.0	4.1
3242	-4.0	4.2
3243	-4.0	4.3
3244	-4.0	4.4
3245	-4.0	4.5
3246	-4.0	4.6
3247	-4.0	4.7
3248	-4.0	4.8
3249	-4.0	4.9
3250	-4.0	5.0
3251	-4.0	5.1
3252	-4.0	5.2
3253	-4.0	5.3
3254	-4.0	5.4
3255	-4.0	5.5
3256	-4.0	5.6
3257	-4.0	5.7
3258	-4.0	5.8
3259	-4.0	5.9
3260	-4.0	6.0
3261	-4.0	6.1
3262	-4.0	6.2
3263	-4.0	6.3
3264	-4.0	6.4
3265	-4.0	6.5
3266	-4.0	6.6
3267	-4.0	6.7
3268	-4.0	6.8
3269	-4.0	6.9
3270	-4.0	7.0
3271	-4.0	7.1
3272	-4.0	7.2
3273	-4.0	7.3
3274	-4.0	7.4
3275	-4.0	7.5
3276	-4.0	7.6
3277	-4.0	7.7
3278	-4.0	7.8
3279	-4.0	7.9
3280	-4.0	8.0
3281	-4.0	8.1
3282	-4.0	8.2
3283	-4.0	8.3
3284	-4.0	8.4
3285	-4.0	8.5
3286	-4.0	8.6
3287	-4.0	8.7
3288	-4.0	8.8
3289	-4.0	8.9
3290	-4.0	9.0
3291	-4.0	9.1
3292	-4.0	9.2
3293	-4.0	9.3
3294	-4.0	9.4
3295	-4.0	9.5
3296	-4.0	9.6
3297	-4.0	9.7
3298	-4.0	9.8
3299	-4.0	9.9
3300	-3.5	0.0
3301	-3.5	0.1
3302	-3.5	0.2
3303	-3.5	0.3
3304	-3.5	0.4
3305	-3.5	0.5
3306	-3.5	0.6
3307	-3.5	0.7
3308	-3.5	0.8
3309	-3.5	0.9
3310	-3.5	1.0
3311	-3.5	1.1
3312	-3.5	1.2
3313	-3.5	1.3
3314	-3.5	1.4
3315	-3.5	1.5
3316	-3.5	1.6
3317	-3.5	1.7
3318	-3.5	1.8
3319	-3.5	1.9
3320	-3.5	2.0
3321	-3.5	2.1
3322	-3.5	2.2
3323	-3.5	2.3
3324	-3.5	2.4
3325	-3.5	2.5
3326	-3.5	2.6
3327	-3.5	2.7
3328	-3.5	2.8
3329	-3.5	2.9
3330	-3.5	3.0
3331	-3.5	3.1
3332	-3.5	3.2
3333	-3.5	3.3
3334	-3.5	3.4
3335	-3.5	3.5
3336	-3.5	3.6
3337	-3.5	3.7
3338	-3.5	3.8
3339	-3.5	3.9
3340	-3.5	4.0
3341	-3.5	4.1
3342	-3.5	4.2
3343	-3.5	4.3
3344	-3.5	4.4
3345	-3.5	4.5
3346	-3.5	4.6
3347	-3.5	4.7
3348	-3.5	4.8
3349	-3.5	4.9
3350	-3.5	5.0
3351	-3.5	5.1
3352	-3.5	5.2
3353	-3.5	5.3
3354	-3.5	5.4
3355	-3.5	5.5
3356	-3.5	5.6
3357	-3.5	5.7
3358	-3.5	5.8
3359	-3.5	5.9
3360	-3.5	6.0
3361	-3.5	6.1
3362	-3.5	6.2
3363	-3.5	6.3
3364	-3.5	6.4
3365	-3.5	6.5
3366	-3.5	6.6
3367	-3.5	6.7
3368	-3.5	6.8
3369	-3.5	6.9
3370	-3.5	7.0
3371	-3.5	7.1
3372	-3.5	7.2
3373	-3.5	7.3
3374	-3.5	7.4
3375	-3.5	7.5
3376	-3.5	7.6
3377	-3.5	7.7
3378	-3.5	7.8
3379	-3.5	7.9
3380	-3.5	8.0
3381	-3.5	8.1
3382	-3.5	8.2
3383	-3.5	8.3
3384	-3.5	8.4
3385	-3.5	8.5
3386	-3.5	8.6
3387	-3.5	8.7
3388	-3.5	8.8
3389	-3.5	8.9
3390	-3.5	9.0
3391	-3.5	9.1
3392	-3.5	9.2
3393	-3.5	9.3
3394	-3.5	9.4
3395	-3.5	9.5
3396	-3.5	9.6
3397	-3.5	9.7
3398	-3.5	9.8
3399	-3.5	9.9
3400	-3.0	0.0
3401	-3.0	0.1
3402	-3.0	0.2
3403	-3.0	0.3
3404	-3.0	0.4
3405	-3.0	0.5
3406	-3.0	0.6
3407	-3.0	0.7
3408	-3.0	0.8
3409	-3.0	0.9
3410	-3.0	1.0
3411	-3.0	1.1
3412	-3.0	1.2
3413	-3.0	1.3
3414	-3.0	1.4
3415	-3.0	1.5
3416	-3.0	1.6
3417	-3.0	1.7
3418	-3.0	1.8
3419	-3.0	1.9
3420	-3.0	2.0
3421	-3.0	2.1
3422	-3.0	2.2
3423	-3.0	2.3
3424	-3.0	2.4
3425	-3.0	2.5
3426	-3.0	2.6
3427	-3.0	2.7
3428	-3.0	2.8
3429	-3.0	2.9
3430	-3.0	3.0
3431	-3.0	3.1
3432	-3.0	3.2
3433	-3.0	3.3
3434	-3.0	3.4
3435	-3.0	3.5
3436	-3.0	3.6
3437	-3.0	3.7
3438	-3.0	3.8
3439	-3.0	3.9
3440	-3.0	4.0
3441	-3.0	4.1
3442	-3.0	4.2
3443	-3.0	4.3
3444	-3.0	4.4
3445	-3.0	4.5
3446	-3.0	4.6
3447	-3.0	4.7
3448	-3.0	4.8
3449	-3.0	4.9
3450	-3.0	5.0
3451	-3.0	5.1
3452	-3.0	5.2
3453	-3.0	5.3
3454	-3.0	5.4
3455	-3.0	5.5
3456	-3.0	5.6
3457	-3.0	5.7
3458	-3.0	5.8
3459	-3.0	5.9
3460	-3.0	6.0
3461	-3.0	6.1
3462	-3.0	6.2
3463	-3.0	6.3
3464	-3.0	6.4
3465	-3.0	6.5
3466	-3.0	6.6
3467	-3.0	6.7
3468	-3.0	6.8
3469	-3.0	6.9
3470	-3.0	7.0
3471	-3.0	7.1
3472	-3.0	7.2
3473	-3.0	7.3
3474	-3.0	7.4
3475	-3.0	7.5
3476	-3.0	7.6
3477	-3.0	7.7
3478	-3.0	7.8
3479	-3.0	7.9
3480	-3.0	8.0
3481	-3.0	8.1
3482	-3.0	8.2
3483	-3.0	8.3
3484	-3.0	8.4
3485	-3.0	8.5
3486	-3.0	8.6
3487	-3.0	8.7
3488	-3.0	8.8
3489	-3.0	8.9
3490	-3.0	9.0
3491	-3.0	9.1
3492	-3.0	9.2
3493	-3.0	9.3
3494	-3.0	9.4
3495	-3.0	9.5
3496	-3.0	9.6
3497	-3.0	9.7
3498	-3.0	9.8
3499	-3.0	9.9
3500	-2.5	0.0
3501	-2.5	0.1
3502	-2.5	0.2
3503	-2.5	0.3
3504	-2.5	0.4
3505	-2.5	0.5
3506	-2.5	0.6
3507	-2.5	0.7
3508	-2.5	0.8
3509	-2.5	0.9
3510	-2.5	1.0
3511	-2.5	1.1
3512	-2.5	1.2
3513	-2.5	1.3
3514	-2.5	1.4
3515	-2.5	1.5
3516	-2.5	1.6
3517	-2.5	1.7
3518	-2.5	1.8
3519	-2.5	1.9
3520	-2.5	2.0
3521	-2.5	2.1
3522	-2.5	2.2
3523	-2.5	2.3
3524	-2.5	2.4
3525	-2.5	2.5
3526	-2.5	2.6
3527	-2.5	2.7
3528	-2.5	2.8
3529	-2.5	2.9
3530	-2.5	3.0
3531	-2.5	3.1
3532	-2.5	3.2
3533	-2.5	3.3
3534	-2.5	3.4
3535	-2.5	3.5
3536	-2.5	3.6
3537	-2.5	3.7
3538	-2.5	3.8
3539	-2.5	3.9
3540	-2.5	4.0
3541	-2.5	4.1
3542	-2.5	4.2
3543	-2.5	4.3
3544	-2.5	4.4
3545	-2.5	4.5
3546	-2.5	4.6
3547	-2.5	4.7
3548	-2.5	4.8
3549	-2.5	4.9
3550	-2.5	5.0
3551	-2.5	5.1
3552	-2.5	5.2
3553	-2.5	5.3
3554	-2.5	5.4
3555	-2.5	5.5
3556	-2.5	5.6
3557	-2.5	5.7
3558	-2.5	5.8
3559	-2.5	5.9
3560	-2.5	6.0
3561	-2.5	6.1
3562	-2.5	6.2
3563	-2.5	6.3
3564	-2.5	6.4
3565	-2.5	6.5
3566	-2.5	6.6
3567	-2.5	6.7
3568	-2.5	6.8
3569	-2.5	6.9
3570	-2.5	7.0
3571	-2.5	7.1
3572	-2.5	7.2
3573	-2.5	7.3
3574	-2.5	7.4
3575	-2.5	7.5
3576	-2.5	7.6
3577	-2.5	7.7
3578	-2.5	7.8
3579	-2.5	7.9
3580	-2.5	8.0
3581	-2.5	8.1
3582	-2.5	8.2
3583	-2.5	8.3
3584	-2.5	8.4
3585	-2.5	8.5
3586	-2.5	8.6
3587	-2.5	8.7
3588	-2.5	8.8
3589	-2.5	8.9
3590	-2.5	9.0
3591	-2.5	9.1
3592	-2.5	9.2
3593	-2.5	9.3
3594	-2.5	9.4
3595	-2.5	9.5
3596	-2.5	9.6
3597	-2.5	9.7
3598	-2.5	9.8
3599	-2.5	9.9
3600	-2.0	0.0
3601	-2.0	0.1
3602	-2.0	0.2
3603	-2.0	0.3
3604	-2.0	0.4
3605	-2.0	0.5
3606	-2.0	0.6
3607	-2.0	0.7
3608	-2.0	0.8
3609	-2.0	0.9
3610	-2.0	1.0
3611	-2.0	1.1
3612	-2.0	1.2
3613	-2.0	1.3
3614	-2.0	1.4
3615	-2.0	1.5
3616	-2.0	1.6
3617	-2.0	1.7
3618	-2.0	1.8
3619	-2.0	1.9
3620	-2.0	2.0
3621	-2.0	2.1
3622	-2.0	2.2
3623	-2.0	2.3
3624	-2.0	2.4
3625	-2.0	2.5
3626	-2.0	2.6
3627	-2.0	2.7
3628	-2.0	2.8
3629	-2.0	2.9
3630	-2.0	3.0
3631	-2.0	3.1
3632	-2.0	3.2
3633	-2.0	3.3
3634	-2.0	3.4
3635	-2.0	3.5
3636	-2.0	3.6
3637	-2.0	3.7
3638	-2.0	3.8
3639	-2.0	3.9
3640	-2.0	4.0
3641	-2.0	4.1
3642	-2.0	4.2
3643	-2.0	4.3
3644	-2.0	4.4
3645	-2.0	4.5
3646	-2.0	4.6
3647	-2.0	4.7
3648	-2.0	4.8
3649	-2.0	4.9
3650	-2.0	5.0
3651	-2.0	5.1
3652	-2.0	5.2
3653	-2.0	5.3
3654	-2.0	5.4
3655	-2.0	5.5
3656	-2.0	5.6
3657	-2.0	5.7
3658	-2.0	5.8
3659	-2.0	5.9
3660	-2.0	6.0
3661	-2.0	6.1
3662	-2.0	6.2
3663	-2.0	6.3
3664	-2.0	6.4
3665	-2.0	6.5
3666	-2.0	6.6
3667	-2.0	6.7
3668	-2.0	6.8
3669	-2.0	6.9
3670	-2.0	7.0
3671	-2.0	7.1
3672	-2.0	7.2
3673	-2.0	7.3
3674	-2.0	7.4
3675	-2.0	7.5
3676	-2.0	7.6
3677	-2.0	7.7
3678	-2.0	7.8
3679	-2.0	7.9
3680	-2.0	8.0
3681	-2.0	8.1
3682	-2.0	8.2
3683	-2.0	8.3
3684	-2.0	8.4
3685	-2.0	8.5
3686	-2.0	8.6
3687	-2.0	8.7
3688	-2.0	8.8
3689	-2.0	8.9
3690	-2.0	9.0
3691	-2.0	9.1
3692	-2.0	9.2
3693	-2.0	9.3
3694	-2.0	9.4
3695	-2.0	9.5
3696	-2.0	9.6
3697	-2.0	9.7
3698	-2.0	9.8
3699	-2.0	9.9
3700	-1.5	0.0
3701	-1.5	0.1
3702	-1.5	0.2
3703	-1.5	0.3
3704	-1.5	0.4
3705	-1.5	0.5
3706	-1.5	0.6
3707	-1.5	0.7
3708	-1.5	0.8
3709	-1.5	0.9
3710	-1.5	1.0
3711	-1.5	1.1
3712	-1.5	1.2
3713	-1.5	1.3
3714	-1.5	1.4
3715	-1.5	1.5
3716	-1.5	1.6
3717	-1.5	1.7
3718	-1.5	1.8
3719	-1.5	1.9
3720	-1.5	2.0
3721	-1.5	2.1
3722	-1.5	2.2
3723	-1.5	2.3
3724	-1.5	2.4
3725	-1.5	2.5
3726	-1.5	2.6
3727	-1.5	2.7
3728	-1.5	2.8
3729	-1.5	2.9
3730	-1.5	3.0
3731	-1.5	3.1
3732	-1.5	3.2
3733	-1.5	3.3
3734	-1.5	3.4
3735	-1.5	3.5
3736	-1.5	3.6
3737	-1.5	3.7
3738	-1.5	3.8
3739	-1.5	3.9
3740	-1.5	4.0
3741	-1.5	4.1
3742	-1.5	4.2
3743	-1.5	4.3
3744	-1.5	4.4
3745	-1.5	4.5
3746	-1.5	4.6
3747	-1.5	4.7
3748	-1.5	4.8
3749	-1.5	4.9
3750	-1.5	5.0
3751	-1.5	5.1
3752	-1.5	5.2
3753	-1.5	5.3
3754	-1.5	5.4
3755	-1.5	5.5
3756	-1.5	5.6
3757	-1.5	5.7
3758	-1.5	5.8
3759	-1.5	5.9
3760	-1.5	6.0
3761	-1.5	6.1
3762	-1.5	6.2
3763	-1.5	6.3
3764	-1.5	6.4
3765	-1.5	6.5
3766	-1.5	6.6
3767	-1.5	6.7
3768	-1.5	6.8
3769	-1.5	6.9
3770	-1.5	7.0
3771	-1.5	7.1
3772	-1.5	7.2
3773	-1.5	7.3
3774	-1.5	7.4
3775	-1.5	7.5
3776	-1.5	7.6
3777	-1.5	7.7
3778	-1.5	7.8
3779	-1.5	7.9
3780	-1.5	8.0
3781	-1.5	8.1
3782	-1.5	8.2
3783	-1.5	8.3
3784	-1.5	8.4
3785	-1.5	8.5
3786	-1.5	8.6
3787	-1.5	8.7
3788	-1.5	8.8
3789	-1.5	8.9
3790	-1.5	9.0
3791	-1.5	9.1
3792	-1.5	9.2
3793	-1.5	9.3
3794	-1.5	9.4
3795	-1.5	9.5
3796	-1.5	9.6
3797	-1.5	9.7
3798	-1.5	9.8
3799	-1.5	9.9
3800	-1.0	0.0
3801	-1.0	0.1
3802	-1.0	0.2
3803	-1.0	0.3
3804	-1.0	0.4
3805	-1.0	0.5
3806	-1.0	0.6
3807	-1.0	0.7
3808	-1.0	0.8
3809	-1.0	0.9
3810	-1.0	1.0
3811	-1.0	1.1
3812	-1.0	1.2
3813	-1.0	1.3
3814	-1.0	1.4
3815	-1.0	1.5
3816	-1.0	1.6
3817	-1.0	1.7
3818	-1.0	1.8
3819	-1.0	1.9
3820	-1.0	2.0
3821	-1.0	2.1
3822	-1.0	2.2
3823	-1.0	2.3
3824	-1.0	2.4
3825	-1.0	2.5
3826	-1.0	2.6
3827	-1.0	2.7
3828	-1.0	2.8
3829	-1.0	2.9
3830	-1.0	3.0
3831	-1.0	3.1
3832	-1.0	3.2
3833	-1.0	3.3
3834	-1.0	3.4
3835	-1.0	3.5
3836	-1.0	3.6
3837	-1.0	3.7
3838	-1.0	3.8
3839	-1.0	3.9
3840	-1.0	4.0
3841	-1.0	4.1
3842	-1.0	4.2
3843	-1.0	4.3
3844	-1.0	4.4
3845	-1.0	4.5
3846	-1.0	4.6
3847	-1.0	4.7
3848	-1.0	4.8
3849	-1.0	4.9
3850	-1.0	5.0
3851	-1.0	5.1
3852	-1.0	5.2
3853	-1.0	5.3
3854	-1.0	5.4
3855	-1.0	5.5
3856	-1.0	5.6
3857	-1.0	5.7
3858	-1.0	5.8
3859	-1.0	5.9
3860	-1.0	6.0
3861	-1.0	6.1
3862	-1.0	6.2
3863	-1.0	6.3
3864	-1.0	6.4
3865	-1.0	6.5
3866	-1.0	6.6
3867	-1.0	6.7
3868	-1.0	6.8
3869	-1.0	6.9
3870	-1.0	7.0
3871	-1.0	7.1
3872	-1.0	7.2
3873	-1.0	7.3
3874	-1.0	7.4
3875	-1.0	7.5
3876	-1.0	7.6
3877	-1.0	7.7
3878	-1.0	7.8
3879	-1.0	7.9
3880	-1.0	8.0
3881	-1.0	8.1
3882	-1.0	8.2
3883	-1.0	8.3
3884	-1.0	8.4
3885	-1.0	8.5
3886	-1.0	8.6
3887	-1.0	8.7
3888	-1.0	8.8
3889	-1.0	8.9
3890	-1.0	9.0
3891	-1.0	9.1
3892	-1.0	9.2
3893	-1.0	9.3
3894	-1.0	9.4
3895	-1.0	9.5
3896	-1.0	9.6
3897	-1.0	9.7
3898	-1.0	9.8
3899	-1.0	9.9
3900	-0.5	0.0
3901	-0.5	0.1
3902	-0.5	0.2
3903	-0.5	0.3
3904	-0.5	0.4
3905	-0.5	0.5
3906	-0.5	0.6
3907	-0.5	0.7
3908	-0.5	0.8
3909	-0.5	0.9
3910	-0.5	1.0
3911	-0.5	1.1
3912	-0.5	1.2
3913	-0.5	1.3
3914	-0.5	1.4
3915	-0.5	1.5
3916	-0.5	1.6
3917	-0.5	1.7
3918	-0.5	1.8
3919	-0.5	1.9
3920	-0.5	2.0
3921	-0.5	2.1
3922	-0.5	2.2
3923	-0.5	2.3
3924	-0.5	2.4
3925	-0.5	2.5
3926	-0.5	2.6
3927	-0.5	2.7
3928	-0.5	2.8
3929	-0.5	2.9
3930	-0.5	3.0
3931	-0.5	3.1
3932	-0.5	3.2
3933	-0.5	3.3
3934	-0.5	3.4
3935	-0.5	3.5
3936	-0.5	3.6
3937	-0.5	3.7
3938	-0.5	3.8
3939	-0.5	3.9
3940	-0.5	4.0
3941	-0.5	4.1
3942	-0.5	4.2
3943	-0.5	4.3
3944	-0.5	4.4
3945	-0.5	4.5
3946	-0.5	4.6
3947	-0.5	4.7
3948	-0.5	4.8
3949	-0.5	4.9
3950	-0.5	5.0
3951	-0.5	5.1
3952	-0.5	5.2
3953	-0.5	5.3
3954	-0.5	5.4
3955	-0.5	5.5
3956	-0.5	5.6
3957	-0.5	5.7
3958	-0.5	5.8
3959	-0.5	5.9
3960	-0.5	6.0
3961	-0.5	6.1
3962	-0.5	6.2
3963	-0.5	6.3
3964	-0.5	6.4
3965	-0.5	6.5
3966	-0.5	6.6
3967	-0.5	6.7
3968	-0.5	6.8
3969	-0.5	6.9
3970	-0.5	7.0
3971	-0.5	7.1
3972	-0.5	7.2
3973	-0.5	7.3
3974	-0.5	7.4
3975	-0.5	7.5
3976	-0.5	7.6
3977	-0.5	7.7
3978	-0.5	7.8
3979	-0.5	7.9
3980	-0.5	8.0
3981	-0.5	8.1
3982	-0.5	8.2
3983	-0.5	8.3
3984	-0.5	8.4
3985	-0.5	8.5
3986	-0.5	8.6
3987	-0.5	8.7
3988	-0.5	8.8
3989	-0.5	8.9
3990	-0.5	9.0
3991	-0.5	9.1
3992	-0.5	9.2
3993	-0.5	9.3
3994	-0.5	9.4
3995	-0.5	9.5
3996	-0.5	9.6
3997	-0.5	9.7
3998	-0.5	9.8
3999	-0.5	9.9
4000	-10.0	-10.0
4001	-10.0	-9.9
4002	-10.0	-9.8
4003	-10.0	-9.7
4004	-10.0	-9.6
4005	-10.0	-9.5
4006	-10.0	-9.4
4007	-10.0	-9.3
4008	-10.0	-9.2
4009	-10.0	-9.1
4010	-10.0	-9.0
4011	-10.0	-8.9
4012	-10.0	-8.8
4013	-10.0	-8.7
4014	-10.0	-8.6
4015	-10.0	-8.5
4016	-10.0	-8.4
4017	-10.0	-8.3
4018	-10.0	-8.2
4019	-10.0	-8.1
4020	-10.0	-8.0
4021	-10.0	-7.9
4022	-10.0	-7.8
4023	-10.0	-7.7
4024	-10.0	-7.6
4025	-10.0	-7.5
4026	-10.0	-7.4
4027	-10.0	-7.3
4028	-10.0	-7.2
4029	-10.0	-7.1
4030	-10.0	-7.0
4031	-10.0	-6.9
4032	-10.0	-6.8
4033	-10.0	-6.7
4034	-10.0	-6.6
4035	-10.0	-6.5
4036	-10.0	-6.4
4037	-10.0	-6.3
4038	-10.0	-6.2
4039	-10.0	-6.1
4040	-10.0	-6.0
4041	-10.0	-5.9
4042	-10.0	-5.8
4043	-10.0	-5.7
4044	-10.0	-5.6
4045	-10.0	-5.5
4046	-10.0	-5.4
4047	-10.0	-5.3
4048	-10.0	-5.2
4049	-10.0	-5.1
4050	-10.0	-5.0
4051	-10.0	-4.9
4052	-10.0	-4.8
4053	-10.0	-4.7
4054	-10.0	-4.6
4055	-10.0	-4.5
4056	-10.0	-4.4
4057	-10.0	-4.3
4058	-10.0	-4.2
4059	-10.0	-4.1
4060	-10.0	-4.0
4061	-10.0	-3.9
4062	-10.0	-3.8
4063	-10.0	-3.7
4064	-10.0	-3.6
4065	-10.0	-3.5
4066	-10.0	-3.4
4067	-10.0	-3.3
4068	-10.0	-3.2
4069	-10.0	-3.1
4070	-10.0	-3.0
4071	-10.0	-2.9
4072	-10.0	-2.8
4073	-10.0	-2.7
4074	-10.0	-2.6
4075	-10.0	-2.5
4076	-10.0	-2.4
4077	-10.0	-2.3
4078	-10.0	-2.2
4079	-10.0	-2.1
4080	-10.0	-2.0
4081	-10.0	-1.9
4082	-10.0	-1.8
4083	-10.0	-1.7
4084	-10.0	-1.6
4085	-10.0	-1.5
4086	-10.0	-1.4
4087	-10.0	-1.3
4088	-10.0	-1.2
4089	-10.0	-1.1
4090	-10.0	-1.0
4091	-10.0	-0.9
4092	-10.0	-0.8
4093	-10.0	-0.7
4094	-10.0	-0.6
4095	-10.0	-0.5
4096	-10.0	-0.4
4097	-10.0	-0.3
4098	-10.0	-0.2
4099	-10.0	-0.1
4100	-9.5	-10.0
4101	-9.5	-9.9
4102	-9.5	-9.8
4103	-9.5	-9.7
4104	-9.5	-9.6
4105	-9.5	-9.5
4106	-9.5	-9.4
4107	-9.5	-9.3
4108	-9.5	-9.2
4109	-9.5	-9.1
4110	-9.5	-9.0
4111	-9.5	-8.9
4112	-9.5	-8.8
4113	-9.5	-8.7
4114	-9.5	-8.6
4115	-9.5	-8.5
4116	-9.5	-8.4
4117	-9.5	-8.3
4118	-9.5	-8.2
4119	-9.5	-8.1
4120	-9.5	-8.0
4121	-9.5	-7.9
4122	-9.5	-7.8
4123	-9.5	-7.7
4124	-9.5	-7.6
4125	-9.5	-7.5
4126	-9.5	-7.4
4127	-9.5	-7.3
4128	-9.5	-7.2
4129	-9.5	-7.1
4130	-9.5	-7.0
4131	-9.5	-6.9
4132	-9.5	-6.8
4133	-9.5	-6.7
4134	-9.5	-6.6
4135	-9.5	-6.5
4136	-9.5	-6.4
4137	-9.5	-6.3
4138	-9.5	-6.2
4139	-9.5	-6.1
4140	-9.5	-6.0
4141	-9.5	-5.9
4142	-9.5	-5.8
4143	-9.5	-5.7
4144	-9.5	-5.6
4145	-9.5	-5.5
4146	-9.5	-5.4
4147	-9.5	-5.3
4148	-9.5	-5.2
4149	-9.5	-5.1
4150	-9.5	-5.0
4151	-9.5	-4.9
4152	-9.5	-4.8
4153	-9.5	-4.7
4154	-9.5	-4.6
4155	-9.5	-4.5
4156	-9.5	-4.4
4157	-9.5	-4.3
4158	-9.5	-4.2
4159	-9.5	-4.1
4160	-9.5	-4.0
4161	-9.5	-3.9
4162	-9.5	-3.8
4163	-9.5	-3.7
4164	-9.5	-3.6
4165	-9.5	-3.5
4166	-9.5	-3.4
4167	-9.5	-3.3
4168	-9.5	-3.2
4169	-9.5	-3.1
4170	-9.5	-3.0
4171	-9.5	-2.9
4172	-9.5	-2.8
4173	-9.5	-2.7
4174	-9.5	-2.6
4175	-9.5	-2.5
4176	-9.5	-2.4
4177	-9.5	-2.3
4178	-9.5	-2.2
4179	-9.5	-2.1
4180	-9.5	-2.0
4181	-9.5	-1.9
4182	-9.5	-1.8
4183	-9.5	-1.7
4184	-9.5	-1.6
4185	-9.5	-1.5
4186	-9.5	-1.4
4187	-9.5	-1.3
4188	-9.5	-1.2
4189	-9.5	-1.1
4190	-9.5	-1.0
4191	-9.5	-0.9
4192	-9.5	-0.8
4193	-9.5	-0.7
4194	-9.5	-0.6
4195	-9.5	-0.5
4196	-9.5	-0.4
4197	-9.5	-0.3
4198	-9.5	-0.2
4199	-9.5	-0.1
4200	-9.0	-10.0
4201	-9.0	-9.9
4202	-9.0	-9.8
4203	-9.0	-9.7
4204	-9.0	-9.6
4205	-9.0	-9.5
4206	-9.0	-9.4
4207	-9.0	-9.3
4208	-9.0	-9.2
4209	-9.0	-9.1
4210	-9.0	-9.0
4211	-9.0	-8.9
4212	-9.0	-8.8
4213	-9.0	-8.7
4214	-9.0	-8.6
4215	-9.0	-8.5
4216	-9.0	-8.4
4217	-9.0	-8.3
4218	-9.0	-8.2
4219	-9.0	-8.1
4220	-9.0	-8.0
4221	-9.0	-7.9
4222	-9.0	-7.8
4223	-9.0	-7.7
4224	-9.0	-7.6
4225	-9.0	-7.5
4226	-9.0	-7.4
4227	-9.0	-7.3
4228	-9.0	-7.2
4229	-9.0	-7.1
4230	-9.0	-7.0
4231	-9.0	-6.9
4232	-9.0	-6.8
4233	-9.0	-6.7
4234	-9.0	-6.6
4235	-9.0	-6.5
4236	-9.0	-6.4
4237	-9.0	-6.3
4238	-9.0	-6.2
4239	-9.0	-6.1
4240	-9.0	-6.0
4241	-9.0	-5.9
4242	-9.0	-5.8
4243	-9.0	-5.7
4244	-9.0	-5.6
4245	-9.0	-5.5
4246	-9.0	-5.4
4247	-9.0	-5.3
4248	-9.0	-5.2
4249	-9.0	-5.1
4250	-9.0	-5.0
4251	-9.0	-4.9
4252	-9.0	-4.8
4253	-9.0	-4.7
4254	-9.0	-4.6
4255	-9.0	-4.5
4256	-9.0	-4.4
4257	-9.0	-4.3
4258	-9.0	-4.2
4259	-9.0	-4.1
4260	-9.0	-4.0
4261	-9.0	-3.9
4262	-9.0	-3.8
4263	-9.0	-3.7
4264	-9.0	-3.6
4265	-9.0	-3.5
4266	-9.0	-3.4
4267	-9.0	-3.3
4268	-9.0	-3.2
4269	-9.0	-3.1
4270	-9.0	-3.0
4271	-9.0	-2.9
4272	-9.0	-2.8
4273	-9.0	-2.7
4274	-9.0	-2.6
4275	-9.0	-2.5
4276	-9.0	-2.4
4277	-9.0	-2.3
4278	-9.0	-2.2
4279	-9.0	-2.1
4280	-9.0	-2.0
4281	-9.0	-1.9
4282	-9.0	-1.8
4283	-9.0	-1.7
4284	-9.0	-1.6
4285	-9.0	-1.5
4286	-9.0	-1.4
4287	-9.0	-1.3
4288	-9.0	-1.2
4289	-9.0	-1.1
4290	-9.0	-1.0
4291	-9.0	-0.9
4292	-9.0	-0.8
4293	-9.0	-0.7
4294	-9.0	-0.6
4295	-9.0	-0.5
4296	-9.0	-0.4
4297	-9.0	-0.3
4298	-9.0	-0.2
4299	-9.0	-0.1
4300	-8.5	-10.0
4301	-8.5	-9.9
4302	-8.5	-9.8
4303	-8.5	-9.7
4304	-8.5	-9.6
4305	-8.5	-9.5
4306	-8.5	-9.4
4307	-8.5	-9.3
4308	-8.5	-9.2
4309	-8.5	-9.1
4310	-8.5	-9.0
4311	-8.5	-8.9
4312	-8.5	-8.8
4313	-8.5	-8.7
4314	-8.5	-8.6
4315	-8.5	-8.5
4316	-8.5	-8.4
4317	-8.5	-8.3
4318	-8.5	-8.2
4319	-8.5	-8.1
4320	-8.5	-8.0
4321	-8.5	-7.9
4322	-8.5	-7.8
4323	-8.5	-7.7
4324	-8.5	-7.6
4325	-8.5	-7.5
4326	-8.5	-7.4
4327	-8.5	-7.3
4328	-8.5	-7.2
4329	-8.5	-7.1
4330	-8.5	-7.0
4331	-8.5	-6.9
4332	-8.5	-6.8
4333	-8.5	-6.7
4334	-8.5	-6.6
4335	-8.5	-6.5
4336	-8.5	-6.4
4337	-8.5	-6.3
4338	-8.5	-6.2
4339	-8.5	-6.1
4340	-8.5	-6.0
4341	-8.5	-5.9
4342	-8.5	-5.8
4343	-8.5	-5.7
4344	-8.5	-5.6
4345	-8.5	-5.5
4346	-8.5	-5.4
4347	-8.5	-5.3
4348	-8.5	-5.2
4349	-8.5	-5.1
4350	-8.5	-5.0
4351	-8.5	-4.9
4352	-8.5	-4.8
4353	-8.5	-4.7
4354	-8.5	-4.6
4355	-8.5	-4.5
4356	-8.5	-4.4
4357	-8.5	-4.3
4358	-8.5	-4.2
4359	-8.5	-4.1
4360	-8.5	-4.0
4361	-8.5	-3.9
4362	-8.5	-3.8
4363	-8.5	-3.7
4364	-8.5	-3.6
4365	-8.5	-3.5
4366	-8.5	-3.4
4367	-8.5	-3.3
4368	-8.5	-3.2
4369	-8.5	-3.1
4370	-8.5	-3.0
4371	-8.5	-2.9
4372	-8.5	-2.8
4373	-8.5	-2.7
4374	-8.5	-2.6
4375	-8.5	-2.5
4376	-8.5	-2.4
4377	-8.5	-2.3
4378	-8.5	-2.2
4379	-8.5	-2.1
4380	-8.5	-2.0
4381	-8.5	-1.9
4382	-8.5	-1.8
4383	-8.5	-1.7
4384	-8.5	-1.6
4385	-8.5	-1.5
4386	-8.5	-1.4
4387	-8.5	-1.3
4388	-8.5	-1.2
4389	-8.5	-1.1
4390	-8.5	-1.0
4391	-8.5	-0.9
4392	-8.5	-0.8
4393	-8.5	-0.7
4394	-8.5	-0.6
4395	-8.5	-0.5
4396	-8.5	-0.4
4397	-8.5	-0.3
4398	-8.5	-0.2
4399	-8.5	-0.1
4400	-8.0	-10.0
4401	-8.0	-9.9
4402	-8.0	-9.8
4403	-8.0	-9.7
4404	-8.0	-9.6
4405	-8.0	-9.5
4406	-8.0	-9.4
4407	-8.0	-9.3
4408	-8.0	-9.2
4409	-8.0	-9.1
4410	-8.0	-9.0
4411	-8.0	-8.9
4412	-8.0	-8.8
4413	-8.0	-8.7
4414	-8.0	-8.6
4415	-8.0	-8.5
4416	-8.0	-8.4
4417	-8.0	-8.3
4418	-8.0	-8.2
4419	-8.0	-8.1
4420	-8.0	-8.0
4421	-8.0	-7.9
4422	-8.0	-7.8
4423	-8.0	-7.7
4424	-8.0	-7.6
4425	-8.0	-7.5
4426	-8.0	-7.4
4427	-8.0	-7.3
4428	-8.0	-7.2
4429	-8.0	-7.1
4430	-8.0	-7.0
4431	-8.0	-6.9
4432	-8.0	-6.8
4433	-8.0	-6.7
4434	-8.0	-6.6
4435	-8.0	-6.5
4436	-8.0	-6.4
4437	-8.0	-6.3
4438	-8.0	-6.2
4439	-8.0	-6.1
4440	-8.0	-6.0
4441	-8.0	-5.9
4442	-8.0	-5.8
4443	-8.0	-5.7
4444	-8.0	-5.6
4445	-8.0	-5.5
4446	-8.0	-5.4
4447	-8.0	-5.3
4448	-8.0	-5.2
4449	-8.0	-5.1
4450	-8.0	-5.0
4451	-8.0	-4.9
4452	-8.0	-4.8
4453	-8.0	-4.7
4454	-8.0	-4.6
4455	-8.0	-4.5
4456	-8.0	-4.4
4457	-8.0	-4.3
4458	-8.0	-4.2
4459	-8.0	-4.1
4460	-8.0	-4.0
4461	-8.0	-3.9
4462	-8.0	-3.8
4463	-8.0	-3.7
4464	-8.0	-3.6
4465	-8.0	-3.5
4466	-8.0	-3.4
4467	-8.0	-3.3
4468	-8.0	-3.2
4469	-8.0	-3.1
4470	-8.0	-3.0
4471	-8.0	-2.9
4472	-8.0	-2.8
4473	-8.0	-2.7
4474	-8.0	-2.6
4475	-8.0	-2.5
4476	-8.0	-2.4
4477	-8.0	-2.3
4478	-8.0	-2.2
4479	-8.0	-2.1
4480	-8.0	-2.0
4481	-8.0	-1.9
4482	-8.0	-1.8
4483	-8.0	-1.7
4484	-8.0	-1.6
4485	-8.0	-1.5
4486	-8.0	-1.4
4487	-8.0	-1.3
4488	-8.0	-1.2
4489	-8.0	-1.1
4490	-8.0	-1.0
4491	-8.0	-0.9
4492	-8.0	-0.8
4493	-8.0	-0.7
4494	-8.0	-0.6
4495	-8.0	-0.5
4496	-8.0	-0.4
4497	-8.0	-0.3
4498	-8.0	-0.2
4499	-8.0	-0.1
4500	-7.5	-10.0
4501	-7.5	-9.9
4502	-7.5	-9.8
4503	-7.5	-9.7
4504	-7.5	-9.6
4505	-7.5	-9.5
4506	-7.5	-9.4
4507	-7.5	-9.3
4508	-7.5	-9.2
4509	-7.5	-9.1
4510	-7.5	-9.0
4511	-7.5	-8.9
4512	-7.5	-8.8
4513	-7.5	-8.7
4514	-7.5	-8.6
4515	-7.5	-8.5
4516	-7.5	-8.4
4517	-7.5	-8.3
4518	-7.5	-8.2
4519	-7.5	-8.1
4520	-7.5	-8.0
4521	-7.5	-7.9
4522	-7.5	-7.8
4523	-7.5	-7.7
4524	-7.5	-7.6
4525	-7.5	-7.5
4526	-7.5	-7.4
4527	-7.5	-7.3
4528	-7.5	-7.2
4529	-7.5	-7.1
4530	-7.5	-7.0
4531	-7.5	-6.9
4532	-7.5	-6.8
4533	-7.5	-6.7
4534	-7.5	-6.6
4535	-7.5	-6.5
4536	-7.5	-6.4
4537	-7.5	-6.3
4538	-7.5	-6.2
4539	-7.5	-6.1
4540	-7.5	-6.0
4541	-7.5	-5.9
4542	-7.5	-5.8
4543	-7.5	-5.7
4544	-7.5	-5.6
4545	-7.5	-5.5
4546	-7.5	-5.4
4547	-7.5	-5.3
4548	-7.5	-5.2
4549	-7.5	-5.1
4550	-7.5	-5.0
4551	-7.5	-4.9
4552	-7.5	-4.8
4553	-7.5	-4.7
4554	-7.5	-4.6
4555	-7.5	-4.5
4556	-7.5	-4.4
4557	-7.5	-4.3
4558	-7.5	-4.2
4559	-7.5	-4.1
4560	-7.5	-4.0
4561	-7.5	-3.9
4562	-7.5	-3.8
4563	-7.5	-3.7
4564	-7.5	-3.6
4565	-7.5	-3.5
4566	-7.5	-3.4
4567	-7.5	-3.3
4568	-7.5	-3.2
4569	-7.5	-3.1
4570	-7.5	-3.0
4571	-7.5	-2.9
4572	-7.5	-2.8
4573	-7.5	-2.7
4574	-7.5	-2.6
4575	-7.5	-2.5
4576	-7.5	-2.4
4577	-7.5	-2.3
4578	-7.5	-2.2
4579	-7.5	-2.1
4580	-7.5	-2.0
4581	-7.5	-1.9
4582	-7.5	-1.8
4583	-7.5	-1.7
4584	-7.5	-1.6
4585	-7.5	-1.5
4586	-7.5	-1.4
4587	-7.5	-1.3
4588	-7.5	-1.2
4589	-7.5	-1.1
4590	-7.5	-1.0
4591	-7.5	-0.9
4592	-7.5	-0.8
4593	-7.5	-0.7
4594	-7.5	-0.6
4595	-7.5	-0.5
4596	-7.5	-0.4
4597	-7.5	-0.3
4598	-7.5	-0.2
4599	-7.5	-0.1
4600	-7.0	-10.0
4601	-7.0	-9.9
4602	-7.0	-9.8
4603	-7.0	-9.7
4604	-7.0	-9.6
4605	-7.0	-9.5
4606	-7.0	-9.4
4607	-7.0	-9.3
4608	-7.0	-9.2
4609	-7.0	-9.1
4610	-7.0	-9.0
4611	-7.0	-8.9
4612	-7.0	-8.8
4613	-7.0	-8.7
4614	-7.0	-8.6
4615	-7.0	-8.5
4616	-7.0	-8.4
4617	-7.0	-8.3
4618	-7.0	-8.2
4619	-7.0	-8.1
4620	-7.0	-8.0
4621	-7.0	-7.9
4622	-7.0	-7.8
4623	-7.0	-7.7
4624	-7.0	-7.6
4625	-7.0	-7.5
4626	-7.0	-7.4
4627	-7.0	-7.3
4628	-7.0	-7.2
4629	-7.0	-7.1
4630	-7.0	-7.0
4631	-7.0	-6.9
4632	-7.0	-6.8
4633	-7.0	-6.7
4634	-7.0	-6.6
4635	-7.0	-6.5
4636	-7.0	-6.4
4637	-7.0	-6.3
4638	-7.0	-6.2
4639	-7.0	-6.1
4640	-7.0	-6.0
4641	-7.0	-5.9
4642	-7.0	-5.8
4643	-7.0	-5.7
4644	-7.0	-5.6
4645	-7.0	-5.5
4646	-7.0	-5.4
4647	-7.0	-5.3
4648	-7.0	-5.2
4649	-7.0	-5.1
4650	-7.0	-5.0
4651	-7.0	-4.9
4652	-7.0	-4.8
4653	-7.0	-4.7
4654	-7.0	-4.6
4655	-7.0	-4.5
4656	-7.0	-4.4
4657	-7.0	-4.3
4658	-7.0	-4.2
4659	-7.0	-4.1
4660	-7.0	-4.0
4661	-7.0	-3.9
4662	-7.0	-3.8
4663	-7.0	-3.7
4664	-7.0	-3.6
4665	-7.0	-3.5
4666	-7.0	-3.4
4667	-7.0	-3.3
4668	-7.0	-3.2
4669	-7.0	-3.1
4670	-7.0	-3.0
4671	-7.0	-2.9
4672	-7.0	-2.8
4673	-7.0	-2.7
4674	-7.0	-2.6
4675	-7.0	-2.5
4676	-7.0	-2.4
4677	-7.0	-2.3
4678	-7.0	-2.2
4679	-7.0	-2.1
4680	-7.0	-2.0
4681	-7.0	-1.9
4682	-7.0	-1.8
4683	-7.0	-1.7
4684	-7.0	-1.6
4685	-7.0	-1.5
4686	-7.0	-1.4
4687	-7.0	-1.3
4688	-7.0	-1.2
4689	-7.0	-1.1
4690	-7.0	-1.0
4691	-7.0	-0.9
4692	-7.0	-0.8
4693	-7.0	-0.7
4694	-7.0	-0.6
4695	-7.0	-0.5
4696	-7.0	-0.4
4697	-7.0	-0.3
4698	-7.0	-0.2
4699	-7.0	-0.1
4700	-6.5	-10.0
4701	-6.5	-9.9
4702	-6.5	-9.8
4703	-6.5	-9.7
4704	-6.5	-9.6
4705	-6.5	-9.5
4706	-6.5	-9.4
4707	-6.5	-9.3
4708	-6.5	-9.2
4709	-6.5	-9.1
4710	-6.5	-9.0
4711	-6.5	-8.9
4712	-6.5	-8.8
4713	-6.5	-8.7
4714	-6.5	-8.6
4715	-6.5	-8.5
4716	-6.5	-8.4
4717	-6.5	-8.3
4718	-6.5	-8.2
4719	-6.5	-8.1
4720	-6.5	-8.0
4721	-6.5	-7.9
4722	-6.5	-7.8
4723	-6.5	-7.7
4724	-6.5	-7.6
4725	-6.5	-7.5
4726	-6.5	-7.4
4727	-6.5	-7.3
4728	-6.5	-7.2
4729	-6.5	-7.1
4730	-6.5	-7.0
4731	-6.5	-6.9
4732	-6.5	-6.8
4733	-6.5	-6.7
4734	-6.5	-6.6
4735	-6.5	-6.5
4736	-6.5	-6.4
4737	-6.5	-6.3
4738	-6.5	-6.2
4739	-6.5	-6.1
4740	-6.5	-6.0
4741	-6.5	-5.9
4742	-6.5	-5.8
4743	-6.5	-5.7
4744	-6.5	-5.6
4745	-6.5	-5.5
4746	-6.5	-5.4
4747	-6.5	-5.3
4748	-6.5	-5.2
4749	-6.5	-5.1
4750	-6.5	-5.0
4751	-6.5	-4.9
4752	-6.5	-4.8
4753	-6.5	-4.7
4754	-6.5	-4.6
4755	-6.5	-4.5
4756	-6.5	-4.4
4757	-6.5	-4.3
4758	-6.5	-4.2
4759	-6.5	-4.1
4760	-6.5	-4.0
4761	-6.5	-3.9
4762	-6.5	-3.8
4763	-6.5	-3.7
4764	-6.5	-3.6
4765	-6.5	-3.5
4766	-6.5	-3.4
4767	-6.5	-3.3
4768	-6.5	-3.2
4769	-6.5	-3.1
4770	-6.5	-3.0
4771	-6.5	-2.9
4772	-6.5	-2.8
4773	-6.5	-2.7
4774	-6.5	-2.6
4775	-6.5	-2.5
4776	-6.5	-2.4
4777	-6.5	-2.3
4778	-6.5	-2.2
4779	-6.5	-2.1
4780	-6.5	-2.0
4781	-6.5	-1.9
4782	-6.5	-1.8
4783	-6.5	-1.7
4784	-6.5	-1.6
4785	-6.5	-1.5
4786	-6.5	-1.4
4787	-6.5	-1.3
4788	-6.5	-1.2
4789	-6.5	-1.1
4790	-6.5	-1.0
4791	-6.5	-0.9
4792	-6.5	-0.8
4793	-6.5	-0.7
4794	-6.5	-0.6
4795	-6.5	-0.5
4796	-6.5	-0.4
4797	-6.5	-0.3
4798	-6.5	-0.2
4799	-6.5	-0.1
4800	-6.0	-10.0
4801	-6.0	-9.9
4802	-6.0	-9.8
4803	-6.0	-9.7
4804	-6.0	-9.6
4805	-6.0	-9.5
4806	-6.0	-9.4
4807	-6.0	-9.3
4808	-6.0	-9.2
4809	-6.0	-9.1
4810	-6.0	-9.0
4811	-6.0	-8.9
4812	-6.0	-8.8
4813	-6.0	-8.7
4814	-6.0	-8.6
4815	-6.0	-8.5
4816	-6.0	-8.4
4817	-6.0	-8.3
4818	-6.0	-8.2
4819	-6.0	-8.1
4820	-6.0	-8.0
4821	-6.0	-7.9
4822	-6.0	-7.8
4823	-6.0	-7.7
4824	-6.0	-7.6
4825	-6.0	-7.5
4826	-6.0	-7.4
4827	-6.0	-7.3
4828	-6.0	-7.2
4829	-6.0	-7.1
4830	-6.0	-7.0
4831	-6.0	-6.9
4832	-6.0	-6.8
4833	-6.0	-6.7
4834	-6.0	-6.6
4835	-6.0	-6.5
4836	-6.0	-6.4
4837	-6.0	-6.3
4838	-6.0	-6.2
4839	-6.0	-6.1
4840	-6.0	-6.0
4841	-6.0	-5.9
4842	-6.0	-5.8
4843	-6.0	-5.7
4844	-6.0	-5.6
4845	-6.0	-5.5
4846	-6.0	-5.4
4847	-6.0	-5.3
4848	-6.0	-5.2
4849	-6.0	-5.1
4850	-6.0	-5.0
4851	-6.0	-4.9
4852	-6.0	-4.8
4853	-6.0	-4.7
4854	-6.0	-4.6
4855	-6.0	-4.5
4856	-6.0	-4.4
4857	-6.0	-4.3
4858	-6.0	-4.2
4859	-6.0	-4.1
4860	-6.0	-4.0
4861	-6.0	-3.9
4862	-6.0	-3.8
4863	-6.0	-3.7
4864	-6.0	-3.6
4865	-6.0	-3.5
4866	-6.0	-3.4
4867	-6.0	-3.3
4868	-6.0	-3.2
4869	-6.0	-3.1
4870	-6.0	-3.0
4871	-6.0	-2.9
4872	-6.0	-2.8
4873	-6.0	-2.7
4874	-6.0	-2.6
4875	-6.0	-2.5
4876	-6.0	-2.4
4877	-6.0	-2.3
4878	-6.0	-2.2
4879	-6.0	-2.1
4880	-6.0	-2.0
4881	-6.0	-1.9
4882	-6.0	-1.8
4883	-6.0	-1.7
4884	-6.0	-1.6
4885	-6.0	-1.5
4886	-6.0	-1.4
4887	-6.0	-1.3
4888	-6.0	-1.2
4889	-6.0	-1.1
4890	-6.0	-1.0
4891	-6.0	-0.9
4892	-6.0	-0.8
4893	-6.0	-0.7
4894	-6.0	-0.6
4895	-6.0	-0.5
4896	-6.0	-0.4
4897	-6.0	-0.3
4898	-6.0	-0.2
4899	-6.0	-0.1
4900	-5.5	-10.0
4901	-5.5	-9.9
4902	-5.5	-9.8
4903	-5.5	-9.7
4904	-5.5	-9.6
4905	-5.5	-9.5
4906	-5.5	-9.4
4907	-5.5	-9.3
4908	-5.5	-9.2
4909	-5.5	-9.1
4910	-5.5	-9.0
4911	-5.5	-8.9
4912	-5.5	-8.8
4913	-5.5	-8.7
4914	-5.5	-8.6
4915	-5.5	-8.5
4916	-5.5	-8.4
4917	-5.5	-8.3
4918	-5.5	-8.2
4919	-5.5	-8.1
4920	-5.5	-8.0
4921	-5.5	-7.9
4922	-5.5	-7.8
4923	-5.5	-7.7
4924	-5.5	-7.6
4925	-5.5	-7.5
4926	-5.5	-7.4
4927	-5.5	-7.3
4928	-5.5	-7.2
4929	-5.5	-7.1
4930	-5.5	-7.0
4931	-5.5	-6.9
4932	-5.5	-6.8
4933	-5.5	-6.7
4934	-5.5	-6.6
4935	-5.5	-6.5
4936	-5.5	-6.4
4937	-5.5	-6.3
4938	-5.5	-6.2
4939	-5.5	-6.1
4940	-5.5	-6.0
4941	-5.5	-5.9
4942	-5.5	-5.8
4943	-5.5	-5.7
4944	-5.5	-5.6
4945	-5.5	-5.5
4946	-5.5	-5.4
4947	-5.5	-5.3
4948	-5.5	-5.2
4949	-5.5	-5.1
4950	-5.5	-5.0
4951	-5.5	-4.9
4952	-5.5	-4.8
4953	-5.5	-4.7
4954	-5.5	-4.6
4955	-5.5	-4.5
4956	-5.5	-4.4
4957	-5.5	-4.3
4958	-5.5	-4.2
4959	-5.5	-4.1
4960	-5.5	-4.0
4961	-5.5	-3.9
4962	-5.5	-3.8
4963	-5.5	-3.7
4964	-5.5	-3.6
4965	-5.5	-3.5
4966	-5.5	-3.4
4967	-5.5	-3.3
4968	-5.5	-3.2
4969	-5.5	-3.1
4970	-5.5	-3.0
4971	-5.5	-2.9
4972	-5.5	-2.8
4973	-5.5	-2.7
4974	-5.5	-2.6
4975	-5.5	-2.5
4976	-5.5	-2.4
4977	-5.5	-2.3
4978	-5.5	-2.2
4979	-5.5	-2.1
4980	-5.5	-2.0
4981	-5.5	-1.9
4982	-5.5	-1.8
4983	-5.5	-1.7
4984	-5.5	-1.6
4985	-5.5	-1.5
4986	-5.5	-1.4
4987	-5.5	-1.3
4988	-5.5	-1.2
4989	-5.5	-1.1
4990	-5.5	-1.0
4991	-5.5	-0.9
4992	-5.5	-0.8
4993	-5.5	-0.7
4994	-5.5	-0.6
4995	-5.5	-0.5
4996	-5.5	-0.4
4997	-5.5	-0.3
4998	-5.5	-0.2
4999	-5.5	-0.1
5000	-5.0	-10.0
5001	-5.0	-9.9
5002	-5.0	-9.8
5003	-5.0	-9.7
5004	-5.0	-9.6
5005	-5.0	-9.5
5006	-5.0	-9.4
5007	-5.0	-9.3
5008	-5.0	-9.2
5009	-5.0	-9.1
5010	-5.0	-9.0
5011	-5.0	-8.9
5012	-5.0	-8.8
5013	-5.0	-8.7
5014	-5.0	-8.6
5015	-5.0	-8.5
5016	-5.0	-8.4
5017	-5.0	-8.3
5018	-5.0	-8.2
5019	-5.0	-8.1
5020	-5.0	-8.0
5021	-5.0	-7.9
5022	-5.0	-7.8
5023	-5.0	-7.7
5024	-5.0	-7.6
5025	-5.0	-7.5
5026	-5.0	-7.4
5027	-5.0	-7.3
5028	-5.0	-7.2
5029	-5.0	-7.1
5030	-5.0	-7.0
5031	-5.0	-6.9
5032	-5.0	-6.8
5033	-5.0	-6.7
5034	-5.0	-6.6
5035	-5.0	-6.5
5036	-5.0	-6.4
5037	-5.0	-6.3
5038	-5.0	-6.2
5039	-5.0	-6.1
5040	-5.0	-6.0
5041	-5.0	-5.9
5042	-5.0	-5.8
5043	-5.0	-5.7
5044	-5.0	-5.6
5045	-5.0	-5.5
5046	-5.0	-5.4
5047	-5.0	-5.3
5048	-5.0	-5.2
5049	-5.0	-5.1
5050	-5.0	-5.0
5051	-5.0	-4.9
5052	-5.0	-4.8
5053	-5.0	-4.7
5054	-5.0	-4.6
5055	-5.0	-4.5
5056	-5.0	-4.4
5057	-5.0	-4.3
5058	-5.0	-4.2
5059	-5.0	-4.1
5060	-5.0	-4.0
5061	-5.0	-3.9
5062	-5.0	-3.8
5063	-5.0	-3.7
5064	-5.0	-3.6
5065	-5.0	-3.5
5066	-5.0	-3.4
5067	-5.0	-3.3
5068	-5.0	-3.2
5069	-5.0	-3.1
5070	-5.0	-3.0
5071	-5.0	-2.9
5072	-5.0	-2.8
5073	-5.0	-2.7
5074	-5.0	-2.6
5075	-5.0	-2.5
5076	-5.0	-2.4
5077	-5.0	-2.3
5078	-5.0	-2.2
5079	-5.0	-2.1
5080	-5.0	-2.0
5081	-5.0	-1.9
5082	-5.0	-1.8
5083	-5.0	-1.7
5084	-5.0	-1.6
5085	-5.0	-1.5
5086	-5.0	-1.4
5087	-5.0	-1.3
5088	-5.0	-1.2
5089	-5.0	-1.1
5090	-5.0	-1.0
5091	-5.0	-0.9
5092	-5.0	-0.8
5093	-5.0	-0.7
5094	-5.0	-0.6
5095	-5.0	-0.5
5096	-5.0	-0.4
5097	-5.0	-0.3
5098	-5.0	-0.2
5099	-5.0	-0.1
5100	-4.5	-10.0
5101	-4.5	-9.9
5102	-4.5	-9.8
5103	-4.5	-9.7
5104	-4.5	-9.6
5105	-4.5	-9.5
5106	-4.5	-9.4
5107	-4.5	-9.3
5108	-4.5	-9.2
5109	-4.5	-9.1
5110	-4.5	-9.0
5111	-4.5	-8.9
5112	-4.5	-8.8
5113	-4.5	-8.7
5114	-4.5	-8.6
5115	-4.5	-8.5
5116	-4.5	-8.4
5117	-4.5	-8.3
5118	-4.5	-8.2
5119	-4.5	-8.1
5120	-4.5	-8.0
5121	-4.5	-7.9
5122	-4.5	-7.8
5123	-4.5	-7.7
5124	-4.5	-7.6
5125	-4.5	-7.5
5126	-4.5	-7.4
5127	-4.5	-7.3
5128	-4.5	-7.2
5129	-4.5	-7.1
5130	-4.5	-7.0
5131	-4.5	-6.9
5132	-4.5	-6.8
5133	-4.5	-6.7
5134	-4.5	-6.6
5135	-4.5	-6.5
5136	-4.5	-6.4
5137	-4.5	-6.3
5138	-4.5	-6.2
5139	-4.5	-6.1
5140	-4.5	-6.0
5141	-4.5	-5.9
5142	-4.5	-5.8
5143	-4.5	-5.7
5144	-4.5	-5.6
5145	-4.5	-5.5
5146	-4.5	-5.4
5147	-4.5	-5.3
5148	-4.5	-5.2
5149	-4.5	-5.1
5150	-4.5	-5.0
5151	-4.5	-4.9
5152	-4.5	-4.8
5153	-4.5	-4.7
5154	-4.5	-4.6
5155	-4.5	-4.5
5156	-4.5	-4.4
5157	-4.5	-4.3
5158	-4.5	-4.2
5159	-4.5	-4.1
5160	-4.5	-4.0
5161	-4.5	-3.9
5162	-4.5	-3.8
5163	-4.5	-3.7
5164	-4.5	-3.6
5165	-4.5	-3.5
5166	-4.5	-3.4
5167	-4.5	-3.3
5168	-4.5	-3.2
5169	-4.5	-3.1
5170	-4.5	-3.0
5171	-4.5	-2.9
5172	-4.5	-2.8
5173	-4.5	-2.7
5174	-4.5	-2.6
5175	-4.5	-2.5
5176	-4.5	-2.4
5177	-4.5	-2.3
5178	-4.5	-2.2
5179	-4.5	-2.1
5180	-4.5	-2.0
5181	-4.5	-1.9
5182	-4.5	-1.8
5183	-4.5	-1.7
5184	-4.5	-1.6
5185	-4.5	-1.5
5186	-4.5	-1.4
5187	-4.5	-1.3
5188	-4.5	-1.2
5189	-4.5	-1.1
5190	-4.5	-1.0
5191	-4.5	-0.9
5192	-4.5	-0.8
5193	-4.5	-0.7
5194	-4.5	-0.6
5195	-4.5	-0.5
5196	-4.5	-0.4
5197	-4.5	-0.3
5198	-4.5	-0.2
5199	-4.5	-0.1
5200	-4.0	-10.0
5201	-4.0	-9.9
5202	-4.0	-9.8
5203	-4.0	-9.7
5204	-4.0	-9.6
5205	-4.0	-9.5
5206	-4.0	-9.4
5207	-4.0	-9.3
5208	-4.0	-9.2
5209	-4.0	-9.1
5210	-4.0	-9.0
5211	-4.0	-8.9
5212	-4.0	-8.8
5213	-4.0	-8.7
5214	-4.0	-8.6
5215	-4.0	-8.5
5216	-4.0	-8.4
5217	-4.0	-8.3
5218	-4.0	-8.2
5219	-4.0	-8.1
5220	-4.0	-8.0
5221	-4.0	-7.9
5222	-4.0	-7.8
5223	-4.0	-7.7
5224	-4.0	-7.6
5225	-4.0	-7.5
5226	-4.0	-7.4
5227	-4.0	-7.3
5228	-4.0	-7.2
5229	-4.0	-7.1
5230	-4.0	-7.0
5231	-4.0	-6.9
5232	-4.0	-6.8
5233	-4.0	-6.7
5234	-4.0	-6.6
5235	-4.0	-6.5
5236	-4.0	-6.4
5237	-4.0	-6.3
5238	-4.0	-6.2
5239	-4.0	-6.1
5240	-4.0	-6.0
5241	-4.0	-5.9
5242	-4.0	-5.8
5243	-4.0	-5.7
5244	-4.0	-5.6
5245	-4.0	-5.5
5246	-4.0	-5.4
5247	-4.0	-5.3
5248	-4.0	-5.2
5249	-4.0	-5.1
5250	-4.0	-5.0
5251	-4.0	-4.9
5252	-4.0	-4.8
5253	-4.0	-4.7
5254	-4.0	-4.6
5255	-4.0	-4.5
5256	-4.0	-4.4
5257	-4.0	-4.3
5258	-4.0	-4.2
5259	-4.0	-4.1
5260	-4.0	-4.0
5261	-4.0	-3.9
5262	-4.0	-3.8
5263	-4.0	-3.7
5264	-4.0	-3.6
5265	-4.0	-3.5
5266	-4.0	-3.4
5267	-4.0	-3.3
5268	-4.0	-3.2
5269	-4.0	-3.1
5270	-4.0	-3.0
5271	-4.0	-2.9
5272	-4.0	-2.8
5273	-4.0	-2.7
5274	-4.0	-2.6
5275	-4.0	-2.5
5276	-4.0	-2.4
5277	-4.0	-2.3
5278	-4.0	-2.2
5279	-4.0	-2.1
5280	-4.0	-2.0
5281	-4.0	-1.9
5282	-4.0	-1.8
5283	-4.0	-1.7
5284	-4.0	-1.6
5285	-4.0	-1.5
5286	-4.0	-1.4
5287	-4.0	-1.3
5288	-4.0	-1.2
5289	-4.0	-1.1
5290	-4.0	-1.0
5291	-4.0	-0.9
5292	-4.0	-0.8
5293	-4.0	-0.7
5294	-4.0	-0.6
5295	-4.0	-0.5
5296	-4.0	-0.4
5297	-4.0	-0.3
5298	-4.0	-0.2
5299	-4.0	-0.1
5300	-3.5	-10.0
5301	-3.5	-9.9
5302	-3.5	-9.8
5303	-3.5	-9.7
5304	-3.5	-9.6
5305	-3.5	-9.5
5306	-3.5	-9.4
5307	-3.5	-9.3
5308	-3.5	-9.2
5309	-3.5	-9.1
5310	-3.5	-9.0
5311	-3.5	-8.9
5312	-3.5	-8.8
5313	-3.5	-8.7
5314	-3.5	-8.6
5315	-3.5	-8.5
5316	-3.5	-8.4
5317	-3.5	-8.3
5318	-3.5	-8.2
5319	-3.5	-8.1
5320	-3.5	-8.0
5321	-3.5	-7.9
5322	-3.5	-7.8
5323	-3.5	-7.7
5324	-3.5	-7.6
5325	-3.5	-7.5
5326	-3.5	-7.4
5327	-3.5	-7.3
5328	-3.5	-7.2
5329	-3.5	-7.1
5330	-3.5	-7.0
5331	-3.5	-6.9
5332	-3.5	-6.8
5333	-3.5	-6.7
5334	-3.5	-6.6
5335	-3.5	-6.5
5336	-3.5	-6.4
5337	-3.5	-6.3
5338	-3.5	-6.2
5339	-3.5	-6.1
5340	-3.5	-6.0
5341	-3.5	-5.9
5342	-3.5	-5.8
5343	-3.5	-5.7
5344	-3.5	-5.6
5345	-3.5	-5.5
5346	-3.5	-5.4
5347	-3.5	-5.3
5348	-3.5	-5.2
5349	-3.5	-5.1
5350	-3.5	-5.0
5351	-3.5	-4.9
5352	-3.5	-4.8
5353	-3.5	-4.7
5354	-3.5	-4.6
5355	-3.5	-4.5
5356	-3.5	-4.4
5357	-3.5	-4.3
5358	-3.5	-4.2
5359	-3.5	-4.1
5360	-3.5	-4.0
5361	-3.5	-3.9
5362	-3.5	-3.8
5363	-3.5	-3.7
5364	-3.5	-3.6
5365	-3.5	-3.5
5366	-3.5	-3.4
5367	-3.5	-3.3
5368	-3.5	-3.2
5369	-3.5	-3.1
5370	-3.5	-3.0
5371	-3.5	-2.9
5372	-3.5	-2.8
5373	-3.5	-2.7
5374	-3.5	-2.6
5375	-3.5	-2.5
5376	-3.5	-2.4
5377	-3.5	-2.3
5378	-3.5	-2.2
5379	-3.5	-2.1
5380	-3.5	-2.0
5381	-3.5	-1.9
5382	-3.5	-1.8
5383	-3.5	-1.7
5384	-3.5	-1.6
5385	-3.5	-1.5
5386	-3.5	-1.4
5387	-3.5	-1.3
5388	-3.5	-1.2
5389	-3.5	-1.1
5390	-3.5	-1.0
5391	-3.5	-0.9
5392	-3.5	-0.8
5393	-3.5	-0.7
5394	-3.5	-0.6
5395	-3.5	-0.5
5396	-3.5	-0.4
5397	-3.5	-0.3
5398	-3.5	-0.2
5399	-3.5	-0.1
5400	-3.0	-10.0
5401	-3.0	-9.9
5402	-3.0	-9.8
5403	-3.0	-9.7
5404	-3.0	-9.6
5405	-3.0	-9.5
5406	-3.0	-9.4
5407	-3.0	-9.3
5408	-3.0	-9.2
5409	-3.0	-9.1
5410	-3.0	-9.0
5411	-3.0	-8.9
5412	-3.0	-8.8
5413	-3.0	-8.7
5414	-3.0	-8.6
5415	-3.0	-8.5
5416	-3.0	-8.4
5417	-3.0	-8.3
5418	-3.0	-8.2
5419	-3.0	-8.1
5420	-3.0	-8.0
5421	-3.0	-7.9
5422	-3.0	-7.8
5423	-3.0	-7.7
5424	-3.0	-7.6
5425	-3.0	-7.5
5426	-3.0	-7.4
5427	-3.0	-7.3
5428	-3.0	-7.2
5429	-3.0	-7.1
5430	-3.0	-7.0
5431	-3.0	-6.9
5432	-3.0	-6.8
5433	-3.0	-6.7
5434	-3.0	-6.6
5435	-3.0	-6.5
5436	-3.0	-6.4
5437	-3.0	-6.3
5438	-3.0	-6.2
5439	-3.0	-6.1
5440	-3.0	-6.0
5441	-3.0	-5.9
5442	-3.0	-5.8
5443	-3.0	-5.7
5444	-3.0	-5.6
5445	-3.0	-5.5
5446	-3.0	-5.4
5447	-3.0	-5.3
5448	-3.0	-5.2
5449	-3.0	-5.1
5450	-3.0	-5.0
5451	-3.0	-4.9
5452	-3.0	-4.8
5453	-3.0	-4.7
5454	-3.0	-4.6
5455	-3.0	-4.5
5456	-3.0	-4.4
5457	-3.0	-4.3
5458	-3.0	-4.2
5459	-3.0	-4.1
5460	-3.0	-4.0
5461	-3.0	-3.9
5462	-3.0	-3.8
5463	-3.0	-3.7
5464	-3.0	-3.6
5465	-3.0	-3.5
5466	-3.0	-3.4
5467	-3.0	-3.3
5468	-3.0	-3.2
5469	-3.0	-3.1
5470	-3.0	-3.0
5471	-3.0	-2.9
5472	-3.0	-2.8
5473	-3.0	-2.7
5474	-3.0	-2.6
5475	-3.0	-2.5
5476	-3.0	-2.4
5477	-3.0	-2.3
5478	-3.0	-2.2
5479	-3.0	-2.1
5480	-3.0	-2.0
5481	-3.0	-1.9
5482	-3.0	-1.8
5483	-3.0	-1.7
5484	-3.0	-1.6
5485	-3.0	-1.5
5486	-3.0	-1.4
5487	-3.0	-1.3
5488	-3.0	-1.2
5489	-3.0	-1.1
5490	-3.0	-1.0
5491	-3.0	-0.9
5492	-3.0	-0.8
5493	-3.0	-0.7
5494	-3.0	-0.6
5495	-3.0	-0.5
5496	-3.0	-0.4
5497	-3.0	-0.3
5498	-3.0	-0.2
5499	-3.0	-0.1
5500	-2.5	-10.0
5501	-2.5	-9.9
5502	-2.5	-9.8
5503	-2.5	-9.7
5504	-2.5	-9.6
5505	-2.5	-9.5
5506	-2.5	-9.4
5507	-2.5	-9.3
5508	-2.5	-9.2
5509	-2.5	-9.1
5510	-2.5	-9.0
5511	-2.5	-8.9
5512	-2.5	-8.8
5513	-2.5	-8.7
5514	-2.5	-8.6
5515	-2.5	-8.5
5516	-2.5	-8.4
5517	-2.5	-8.3
5518	-2.5	-8.2
5519	-2.5	-8.1
5520	-2.5	-8.0
5521	-2.5	-7.9
5522	-2.5	-7.8
5523	-2.5	-7.7
5524	-2.5	-7.6
5525	-2.5	-7.5
5526	-2.5	-7.4
5527	-2.5	-7.3
5528	-2.5	-7.2
5529	-2.5	-7.1
5530	-2.5	-7.0
5531	-2.5	-6.9
5532	-2.5	-6.8
5533	-2.5	-6.7
5534	-2.5	-6.6
5535	-2.5	-6.5
5536	-2.5	-6.4
5537	-2.5	-6.3
5538	-2.5	-6.2
5539	-2.5	-6.1
5540	-2.5	-6.0
5541	-2.5	-5.9
5542	-2.5	-5.8
5543	-2.5	-5.7
5544	-2.5	-5.6
5545	-2.5	-5.5
5546	-2.5	-5.4
5547	-2.5	-5.3
5548	-2.5	-5.2
5549	-2.5	-5.1
5550	-2.5	-5.0
5551	-2.5	-4.9
5552	-2.5	-4.8
5553	-2.5	-4.7
5554	-2.5	-4.6
5555	-2.5	-4.5
5556	-2.5	-4.4
5557	-2.5	-4.3
5558	-2.5	-4.2
5559	-2.5	-4.1
5560	-2.5	-4.0
5561	-2.5	-3.9
5562	-2.5	-3.8
5563	-2.5	-3.7
5564	-2.5	-3.6
5565	-2.5	-3.5
5566	-2.5	-3.4
5567	-2.5	-3.3
5568	-2.5	-3.2
5569	-2.5	-3.1
5570	-2.5	-3.0
5571	-2.5	-2.9
5572	-2.5	-2.8
5573	-2.5	-2.7
5574	-2.5	-2.6
5575	-2.5	-2.5
5576	-2.5	-2.4
5577	-2.5	-2.3
5578	-2.5	-2.2
5579	-2.5	-2.1
5580	-2.5	-2.0
5581	-2.5	-1.9
5582	-2.5	-1.8
5583	-2.5	-1.7
5584	-2.5	-1.6
5585	-2.5	-1.5
5586	-2.5	-1.4
5587	-2.5	-1.3
5588	-2.5	-1.2
5589	-2.5	-1.1
5590	-2.5	-1.0
5591	-2.5	-0.9
5592	-2.5	-0.8
5593	-2.5	-0.7
5594	-2.5	-0.6
5595	-2.5	-0.5
5596	-2.5	-0.4
5597	-2.5	-0.3
5598	-2.5	-0.2
5599	-2.5	-0.1
5600	-2.0	-10.0
5601	-2.0	-9.9
5602	-2.0	-9.8
5603	-2.0	-9.7
5604	-2.0	-9.6
5605	-2.0	-9.5
5606	-2.0	-9.4
5607	-2.0	-9.3
5608	-2.0	-9.2
5609	-2.0	-9.1
5610	-2.0	-9.0
5611	-2.0	-8.9
5612	-2.0	-8.8
5613	-2.0	-8.7
5614	-2.0	-8.6
5615	-2.0	-8.5
5616	-2.0	-8.4
5617	-2.0	-8.3
5618	-2.0	-8.2
5619	-2.0	-8.1
5620	-2.0	-8.0
5621	-2.0	-7.9
5622	-2.0	-7.8
5623	-2.0	-7.7
5624	-2.0	-7.6
5625	-2.0	-7.5
5626	-2.0	-7.4
5627	-2.0	-7.3
5628	-2.0	-7.2
5629	-2.0	-7.1
5630	-2.0	-7.0
5631	-2.0	-6.9
5632	-2.0	-6.8
5633	-2.0	-6.7
5634	-2.0	-6.6
5635	-2.0	-6.5
5636	-2.0	-6.4
5637	-2.0	-6.3
5638	-2.0	-6.2
5639	-2.0	-6.1
5640	-2.0	-6.0
5641	-2.0	-5.9
5642	-2.0	-5.8
5643	-2.0	-5.7
5644	-2.0	-5.6
5645	-2.0	-5.5
5646	-2.0	-5.4
5647	-2.0	-5.3
5648	-2.0	-5.2
5649	-2.0	-5.1
5650	-2.0	-5.0
5651	-2.0	-4.9
5652	-2.0	-4.8
5653	-2.0	-4.7
5654	-2.0	-4.6
5655	-2.0	-4.5
5656	-2.0	-4.4
5657	-2.0	-4.3
5658	-2.0	-4.2
5659	-2.0	-4.1
5660	-2.0	-4.0
5661	-2.0	-3.9
5662	-2.0	-3.8
5663	-2.0	-3.7
5664	-2.0	-3.6
5665	-2.0	-3.5
5666	-2.0	-3.4
5667	-2.0	-3.3
5668	-2.0	-3.2
5669	-2.0	-3.1
5670	-2.0	-3.0
5671	-2.0	-2.9
5672	-2.0	-2.8
5673	-2.0	-2.7
5674	-2.0	-2.6
5675	-2.0	-2.5
5676	-2.0	-2.4
5677	-2.0	-2.3
5678	-2.0	-2.2
5679	-2.0	-2.1
5680	-2.0	-2.0
5681	-2.0	-1.9
5682	-2.0	-1.8
5683	-2.0	-1.7
5684	-2.0	-1.6
5685	-2.0	-1.5
5686	-2.0	-1.4
5687	-2.0	-1.3
5688	-2.0	-1.2
5689	-2.0	-1.1
5690	-2.0	-1.0
5691	-2.0	-0.9
5692	-2.0	-0.8
5693	-2.0	-0.7
5694	-2.0	-0.6
5695	-2.0	-0.5
5696	-2.0	-0.4
5697	-2.0	-0.3
5698	-2.0	-0.2
5699	-2.0	-0.1
5700	-1.5	-10.0
5701	-1.5	-9.9
5702	-1.5	-9.8
5703	-1.5	-9.7
5704	-1.5	-9.6
5705	-1.5	-9.5
5706	-1.5	-9.4
5707	-1.5	-9.3
5708	-1.5	-9.2
5709	-1.5	-9.1
5710	-1.5	-9.0
5711	-1.5	-8.9
5712	-1.5	-8.8
5713	-1.5	-8.7
5714	-1.5	-8.6
5715	-1.5	-8.5
5716	-1.5	-8.4
5717	-1.5	-8.3
5718	-1.5	-8.2
5719	-1.5	-8.1
5720	-1.5	-8.0
5721	-1.5	-7.9
5722	-1.5	-7.8
5723	-1.5	-7.7
5724	-1.5	-7.6
5725	-1.5	-7.5
5726	-1.5	-7.4
5727	-1.5	-7.3
5728	-1.5	-7.2
5729	-1.5	-7.1
5730	-1.5	-7.0
5731	-1.5	-6.9
5732	-1.5	-6.8
5733	-1.5	-6.7
5734	-1.5	-6.6
5735	-1.5	-6.5
5736	-1.5	-6.4
5737	-1.5	-6.3
5738	-1.5	-6.2
5739	-1.5	-6.1
5740	-1.5	-6.0
5741	-1.5	-5.9
5742	-1.5	-5.8
5743	-1.5	-5.7
5744	-1.5	-5.6
5745	-1.5	-5.5
5746	-1.5	-5.4
5747	-1.5	-5.3
5748	-1.5	-5.2
5749	-1.5	-5.1
5750	-1.5	-5.0
5751	-1.5	-4.9
5752	-1.5	-4.8
5753	-1.5	-4.7
5754	-1.5	-4.6
5755	-1.5	-4.5
5756	-1.5	-4.4
5757	-1.5	-4.3
5758	-1.5	-4.2
5759	-1.5	-4.1
5760	-1.5	-4.0
5761	-1.5	-3.9
5762	-1.5	-3.8
5763	-1.5	-3.7
5764	-1.5	-3.6
5765	-1.5	-3.5
5766	-1.5	-3.4
5767	-1.5	-3.3
5768	-1.5	-3.2
5769	-1.5	-3.1
5770	-1.5	-3.0
5771	-1.5	-2.9
5772	-1.5	-2.8
5773	-1.5	-2.7
5774	-1.5	-2.6
5775	-1.5	-2.5
5776	-1.5	-2.4
5777	-1.5	-2.3
5778	-1.5	-2.2
5779	-1.5	-2.1
5780	-1.5	-2.0
5781	-1.5	-1.9
5782	-1.5	-1.8
5783	-1.5	-1.7
5784	-1.5	-1.6
5785	-1.5	-1.5
5786	-1.5	-1.4
5787	-1.5	-1.3
5788	-1.5	-1.2
5789	-1.5	-1.1
5790	-1.5	-1.0
5791	-1.5	-0.9
5792	-1.5	-0.8
5793	-1.5	-0.7
5794	-1.5	-0.6
5795	-1.5	-0.5
5796	-1.5	-0.4
5797	-1.5	-0.3
5798	-1.5	-0.2
5799	-1.5	-0.1
5800	-1.0	-10.0
5801	-1.0	-9.9
5802	-1.0	-9.8
5803	-1.0	-9.7
5804	-1.0	-9.6
5805	-1.0	-9.5
5806	-1.0	-9.4
5807	-1.0	-9.3
5808	-1.0	-9.2
5809	-1.0	-9.1
5810	-1.0	-9.0
5811	-1.0	-8.9
5812	-1.0	-8.8
5813	-1.0	-8.7
5814	-1.0	-8.6
5815	-1.0	-8.5
5816	-1.0	-8.4
5817	-1.0	-8.3
5818	-1.0	-8.2
5819	-1.0	-8.1
5820	-1.0	-8.0
5821	-1.0	-7.9
5822	-1.0	-7.8
5823	-1.0	-7.7
5824	-1.0	-7.6
5825	-1.0	-7.5
5826	-1.0	-7.4
5827	-1.0	-7.3
5828	-1.0	-7.2
5829	-1.0	-7.1
5830	-1.0	-7.0
5831	-1.0	-6.9
5832	-1.0	-6.8
5833	-1.0	-6.7
5834	-1.0	-6.6
5835	-1.0	-6.5
5836	-1.0	-6.4
5837	-1.0	-6.3
5838	-1.0	-6.2
5839	-1.0	-6.1
5840	-1.0	-6.0
5841	-1.0	-5.9
5842	-1.0	-5.8
5843	-1.0	-5.7
5844	-1.0	-5.6
5845	-1.0	-5.5
5846	-1.0	-5.4
5847	-1.0	-5.3
5848	-1.0	-5.2
5849	-1.0	-5.1
5850	-1.0	-5.0
5851	-1.0	-4.9
5852	-1.0	-4.8
5853	-1.0	-4.7
5854	-1.0	-4.6
5855	-1.0	-4.5
5856	-1.0	-4.4
5857	-1.0	-4.3
5858	-1.0	-4.2
5859	-1.0	-4.1
5860	-1.0	-4.0
5861	-1.0	-3.9
5862	-1.0	-3.8
5863	-1.0	-3.7
5864	-1.0	-3.6
5865	-1.0	-3.5
5866	-1.0	-3.4
5867	-1.0	-3.3
5868	-1.0	-3.2
5869	-1.0	-3.1
5870	-1.0	-3.0
5871	-1.0	-2.9
5872	-1.0	-2.8
5873	-1.0	-2.7
5874	-1.0	-2.6
5875	-1.0	-2.5
5876	-1.0	-2.4
5877	-1.0	-2.3
5878	-1.0	-2.2
5879	-1.0	-2.1
5880	-1.0	-2.0
5881	-1.0	-1.9
5882	-1.0	-1.8
5883	-1.0	-1.7
5884	-1.0	-1.6
5885	-1.0	-1.5
5886	-1.0	-1.4
5887	-1.0	-1.3
5888	-1.0	-1.2
5889	-1.0	-1.1
5890	-1.0	-1.0
5891	-1.0	-0.9
5892	-1.0	-0.8
5893	-1.0	-0.7
5894	-1.0	-0.6
5895	-1.0	-0.5
5896	-1.0	-0.4
5897	-1.0	-0.3
5898	-1.0	-0.2
5899	-1.0	-0.1
5900	-0.5	-10.0
5901	-0.5	-9.9
5902	-0.5	-9.8
5903	-0.5	-9.7
5904	-0.5	-9.6
5905	-0.5	-9.5
5906	-0.5	-9.4
5907	-0.5	-9.3
5908	-0.5	-9.2
5909	-0.5	-9.1
5910	-0.5	-9.0
5911	-0.5	-8.9
5912	-0.5	-8.8
5913	-0.5	-8.7
5914	-0.5	-8.6
5915	-0.5	-8.5
5916	-0.5	-8.4
5917	-0.5	-8.3
5918	-0.5	-8.2
5919	-0.5	-8.1
5920	-0.5	-8.0
5921	-0.5	-7.9
5922	-0.5	-7.8
5923	-0.5	-7.7
5924	-0.5	-7.6
5925	-0.5	-7.5
5926	-0.5	-7.4
5927	-0.5	-7.3
5928	-0.5	-7.2
5929	-0.5	-7.1
5930	-0.5	-7.0
5931	-0.5	-6.9
5932	-0.5	-6.8
5933	-0.5	-6.7
5934	-0.5	-6.6
5935	-0.5	-6.5
5936	-0.5	-6.4
5937	-0.5	-6.3
5938	-0.5	-6.2
5939	-0.5	-6.1
5940	-0.5	-6.0
5941	-0.5	-5.9
5942	-0.5	-5.8
5943	-0.5	-5.7
5944	-0.5	-5.6
5945	-0.5	-5.5
5946	-0.5	-5.4
5947	-0.5	-5.3
5948	-0.5	-5.2
5949	-0.5	-5.1
5950	-0.5	-5.0
5951	-0.5	-4.9
5952	-0.5	-4.8
5953	-0.5	-4.7
5954	-0.5	-4.6
5955	-0.5	-4.5
5956	-0.5	-4.4
5957	-0.5	-4.3
5958	-0.5	-4.2
5959	-0.5	-4.1
5960	-0.5	-4.0
5961	-0.5	-3.9
5962	-0.5	-3.8
5963	-0.5	-3.7
5964	-0.5	-3.6
5965	-0.5	-3.5
5966	-0.5	-3.4
5967	-0.5	-3.3
5968	-0.5	-3.2
5969	-0.5	-3.1
5970	-0.5	-3.0
5971	-0.5	-2.9
5972	-0.5	-2.8
5973	-0.5	-2.7
5974	-0.5	-2.6
5975	-0.5	-2.5
5976	-0.5	-2.4
5977	-0.5	-2.3
5978	-0.5	-2.2
5979	-0.5	-2.1
5980	-0.5	-2.0
5981	-0.5	-1.9
5982	-0.5	-1.8
5983	-0.5	-1.7
5984	-0.5	-1.6
5985	-0.5	-1.5
5986	-0.5	-1.4
5987	-0.5	-1.3
5988	-0.5	-1.2
5989	-0.5	-1.1
5990	-0.5	-1.0
5991	-0.5	-0.9
5992	-0.5	-0.8
5993	-0.5	-0.7
5994	-0.5	-0.6
5995	-0.5	-0.5
5996	-0.5	-0.4
5997	-0.5	-0.3
5998	-0.5	-0.2
5999	-0.5	-0.1
