0	0.1	0.0
1	0.1	0.1
2	0.1	0.2
3	0.1	0.3
4	0.1	0.4
5	0.1	0.5
6	0.1	0.6
7	0.1	0.7
8	0.1	0.8
9	0.1	0.9
10	0.1	1.0
11	0.1	1.1
12	0.1	1.2
13	0.1	1.3
14	0.1	1.4
15	0.1	1.5
16	0.1	1.6
17	0.1	1.7
18	0.1	1.8
19	0.1	1.9
20	0.1	2.0
21	0.1	2.1
22	0.1	2.2
23	0.1	2.3
24	0.1	2.4
25	0.1	2.5
26	0.1	2.6
27	0.1	2.7
28	0.1	2.8
29	0.1	2.9
30	0.1	3.0
31	0.1	3.1
32	0.1	3.2
33	0.1	3.3
34	0.1	3.4
35	0.1	3.5
36	0.1	3.6
37	0.1	3.7
38	0.1	3.8
39	0.1	3.9
40	0.1	4.0
41	0.1	4.1
42	0.1	4.2
43	0.1	4.3
44	0.1	4.4
45	0.1	4.5
46	0.1	4.6
47	0.1	4.7
48	0.1	4.8
49	0.1	4.9
50	0.1	5.0
51	0.1	5.1
52	0.1	5.2
53	0.1	5.3
54	0.1	5.4
55	0.1	5.5
56	0.1	5.6
57	0.1	5.7
58	0.1	5.8
59	0.1	5.9
60	0.1	6.0
61	0.1	6.1
62	0.1	6.2
63	0.1	6.3
64	0.1	6.4
65	0.1	6.5
66	0.1	6.6
67	0.1	6.7
68	0.1	6.8
69	0.1	6.9
70	0.1	7.0
71	0.1	7.1
72	0.1	7.2
73	0.1	7.3
74	0.1	7.4
75	0.1	7.5
76	0.1	7.6
77	0.1	7.7
78	0.1	7.8
79	0.1	7.9
80	0.1	8.0
81	0.1	8.1
82	0.1	8.2
83	0.1	8.3
84	0.1	8.4
85	0.1	8.5
86	0.1	8.6
87	0.1	8.7
88	0.1	8.8
89	0.1	8.9
90	0.1	9.0
91	0.1	9.1
92	0.1	9.2
93	0.1	9.3
94	0.1	9.4
95	0.1	9.5
96	0.1	9.6
97	0.1	9.7
98	0.1	9.8
99	0.1	9.9
100	0.6	0.0
101	0.6	0.1
102	0.6	0.2
103	0.6	0.3
104	0.6	0.4
105	0.6	0.5
106	0.6	0.6
107	0.6	0.7
108	0.6	0.8
109	0.6	0.9
110	0.6	1.0
111	0.6	1.1
112	0.6	1.2
113	0.6	1.3
114	0.6	1.4
115	0.6	1.5
116	0.6	1.6
117	0.6	1.7
118	0.6	1.8
119	0.6	1.9
120	0.6	2.0
121	0.6	2.1
122	0.6	2.2
123	0.6	2.3
124	0.6	2.4
125	0.6	2.5
126	0.6	2.6
127	0.6	2.7
128	0.6	2.8
129	0.6	2.9
130	0.6	3.0
131	0.6	3.1
132	0.6	3.2
133	0.6	3.3
134	0.6	3.4
135	0.6	3.5
136	0.6	3.6
137	0.6	3.7
138	0.6	3.8
139	0.6	3.9
140	0.6	4.0
141	0.6	4.1
142	0.6	4.2
143	0.6	4.3
144	0.6	4.4
145	0.6	4.5
146	0.6	4.6
147	0.6	4.7
148	0.6	4.8
149	0.6	4.9
150	0.6	5.0
151	0.6	5.1
152	0.6	5.2
153	0.6	5.3
154	0.6	5.4
155	0.6	5.5
156	0.6	5.6
157	0.6	5.7
158	0.6	5.8
159	0.6	5.9
160	0.6	6.0
161	0.6	6.1
162	0.6	6.2
163	0.6	6.3
164	0.6	6.4
165	0.6	6.5
166	0.6	6.6
167	0.6	6.7
168	0.6	6.8
169	0.6	6.9
170	0.6	7.0
171	0.6	7.1
172	0.6	7.2
173	0.6	7.3
174	0.6	7.4
175	0.6	7.5
176	0.6	7.6
177	0.6	7.7
178	0.6	7.8
179	0.6	7.9
180	0.6	8.0
181	0.6	8.1
182	0.6	8.2
183	0.6	8.3
184	0.6	8.4
185	0.6	8.5
186	0.6	8.6
187	0.6	8.7
188	0.6	8.8
189	0.6	8.9
190	0.6	9.0
191	0.6	9.1
192	0.6	9.2
193	0.6	9.3
194	0.6	9.4
195	0.6	9.5
196	0.6	9.6
197	0.6	9.7
198	0.6	9.8
199	0.6	9.9
200	1.1	0.0
201	1.1	0.1
202	1.1	0.2
203	1.1	0.3
204	1.1	0.4
205	1.1	0.5
206	1.1	0.6
207	1.1	0.7
208	1.1	0.8
209	1.1	0.9
210	1.1	1.0
211	1.1	1.1
212	1.1	1.2
213	1.1	1.3
214	1.1	1.4
215	1.1	1.5
216	1.1	1.6
217	1.1	1.7
218	1.1	1.8
219	1.1	1.9
220	1.1	2.0
221	1.1	2.1
222	1.1	2.2
223	1.1	2.3
224	1.1	2.4
225	1.1	2.5
226	1.1	2.6
227	1.1	2.7
228	1.1	2.8
229	1.1	2.9
230	1.1	3.0
231	1.1	3.1
232	1.1	3.2
233	1.1	3.3
234	1.1	3.4
235	1.1	3.5
236	1.1	3.6
237	1.1	3.7
238	1.1	3.8
239	1.1	3.9
240	1.1	4.0
241	1.1	4.1
242	1.1	4.2
243	1.1	4.3
244	1.1	4.4
245	1.1	4.5
246	1.1	4.6
247	1.1	4.7
248	1.1	4.8
249	1.1	4.9
250	1.1	5.0
251	1.1	5.1
252	1.1	5.2
253	1.1	5.3
254	1.1	5.4
255	1.1	5.5
256	1.1	5.6
257	1.1	5.7
258	1.1	5.8
259	1.1	5.9
260	1.1	6.0
261	1.1	6.1
262	1.1	6.2
263	1.1	6.3
264	1.1	6.4
265	1.1	6.5
266	1.1	6.6
267	1.1	6.7
268	1.1	6.8
269	1.1	6.9
270	1.1	7.0
271	1.1	7.1
272	1.1	7.2
273	1.1	7.3
274	1.1	7.4
275	1.1	7.5
276	1.1	7.6
277	1.1	7.7
278	1.1	7.8
279	1.1	7.9
280	1.1	8.0
281	1.1	8.1
282	1.1	8.2
283	1.1	8.3
284	1.1	8.4
285	1.1	8.5
286	1.1	8.6
287	1.1	8.7
288	1.1	8.8
289	1.1	8.9
290	1.1	9.0
291	1.1	9.1
292	1.1	9.2
293	1.1	9.3
294	1.1	9.4
295	1.1	9.5
296	1.1	9.6
297	1.1	9.7
298	1.1	9.8
299	1.1	9.9
300	1.6	0.0
301	1.6	0.1
302	1.6	0.2
303	1.6	0.3
304	1.6	0.4
305	1.6	0.5
306	1.6	0.6
307	1.6	0.7
308	1.6	0.8
309	1.6	0.9
310	1.6	1.0
311	1.6	1.1
312	1.6	1.2
313	1.6	1.3
314	1.6	1.4
315	1.6	1.5
316	1.6	1.6
317	1.6	1.7
318	1.6	1.8
319	1.6	1.9
320	1.6	2.0
321	1.6	2.1
322	1.6	2.2
323	1.6	2.3
324	1.6	2.4
325	1.6	2.5
326	1.6	2.6
327	1.6	2.7
328	1.6	2.8
329	1.6	2.9
330	1.6	3.0
331	1.6	3.1
332	1.6	3.2
333	1.6	3.3
334	1.6	3.4
335	1.6	3.5
336	1.6	3.6
337	1.6	3.7
338	1.6	3.8
339	1.6	3.9
340	1.6	4.0
341	1.6	4.1
342	1.6	4.2
343	1.6	4.3
344	1.6	4.4
345	1.6	4.5
346	1.6	4.6
347	1.6	4.7
348	1.6	4.8
349	1.6	4.9
350	1.6	5.0
351	1.6	5.1
352	1.6	5.2
353	1.6	5.3
354	1.6	5.4
355	1.6	5.5
356	1.6	5.6
357	1.6	5.7
358	1.6	5.8
359	1.6	5.9
360	1.6	6.0
361	1.6	6.1
362	1.6	6.2
363	1.6	6.3
364	1.6	6.4
365	1.6	6.5
366	1.6	6.6
367	1.6	6.7
368	1.6	6.8
369	1.6	6.9
370	1.6	7.0
371	1.6	7.1
372	1.6	7.2
373	1.6	7.3
374	1.6	7.4
375	1.6	7.5
376	1.6	7.6
377	1.6	7.7
378	1.6	7.8
379	1.6	7.9
380	1.6	8.0
381	1.6	8.1
382	1.6	8.2
383	1.6	8.3
384	1.6	8.4
385	1.6	8.5
386	1.6	8.6
387	1.6	8.7
388	1.6	8.8
389	1.6	8.9
390	1.6	9.0
391	1.6	9.1
392	1.6	9.2
393	1.6	9.3
394	1.6	9.4
395	1.6	9.5
396	1.6	9.6
397	1.6	9.7
398	1.6	9.8
399	1.6	9.9
400	2.1	0.0
401	2.1	0.1
402	2.1	0.2
403	2.1	0.3
404	2.1	0.4
405	2.1	0.5
406	2.1	0.6
407	2.1	0.7
408	2.1	0.8
409	2.1	0.9
410	2.1	1.0
411	2.1	1.1
412	2.1	1.2
413	2.1	1.3
414	2.1	1.4
415	2.1	1.5
416	2.1	1.6
417	2.1	1.7
418	2.1	1.8
419	2.1	1.9
420	2.1	2.0
421	2.1	2.1
422	2.1	2.2
423	2.1	2.3
424	2.1	2.4
425	2.1	2.5
426	2.1	2.6
427	2.1	2.7
428	2.1	2.8
429	2.1	2.9
430	2.1	3.0
431	2.1	3.1
432	2.1	3.2
433	2.1	3.3
434	2.1	3.4
435	2.1	3.5
436	2.1	3.6
437	2.1	3.7
438	2.1	3.8
439	2.1	3.9
440	2.1	4.0
441	2.1	4.1
442	2.1	4.2
443	2.1	4.3
444	2.1	4.4
445	2.1	4.5
446	2.1	4.6
447	2.1	4.7
448	2.1	4.8
449	2.1	4.9
450	2.1	5.0
451	2.1	5.1
452	2.1	5.2
453	2.1	5.3
454	2.1	5.4
455	2.1	5.5
456	2.1	5.6
457	2.1	5.7
458	2.1	5.8
459	2.1	5.9
460	2.1	6.0
461	2.1	6.1
462	2.1	6.2
463	2.1	6.3
464	2.1	6.4
465	2.1	6.5
466	2.1	6.6
467	2.1	6.7
468	2.1	6.8
469	2.1	6.9
470	2.1	7.0
471	2.1	7.1
472	2.1	7.2
473	2.1	7.3
474	2.1	7.4
475	2.1	7.5
476	2.1	7.6
477	2.1	7.7
478	2.1	7.8
479	2.1	7.9
480	2.1	8.0
481	2.1	8.1
482	2.1	8.2
483	2.1	8.3
484	2.1	8.4
485	2.1	8.5
486	2.1	8.6
487	2.1	8.7
488	2.1	8.8
489	2.1	8.9
490	2.1	9.0
491	2.1	9.1
492	2.1	9.2
493	2.1	9.3
494	2.1	9.4
495	2.1	9.5
496	2.1	9.6
497	2.1	9.7
498	2.1	9.8
499	2.1	9.9
500	2.6	0.0
501	2.6	0.1
502	2.6	0.2
503	2.6	0.3
504	2.6	0.4
505	2.6	0.5
506	2.6	0.6
507	2.6	0.7
508	2.6	0.8
509	2.6	0.9
510	2.6	1.0
511	2.6	1.1
512	2.6	1.2
513	2.6	1.3
514	2.6	1.4
515	2.6	1.5
516	2.6	1.6
517	2.6	1.7
518	2.6	1.8
519	2.6	1.9
520	2.6	2.0
521	2.6	2.1
522	2.6	2.2
523	2.6	2.3
524	2.6	2.4
525	2.6	2.5
526	2.6	2.6
527	2.6	2.7
528	2.6	2.8
529	2.6	2.9
530	2.6	3.0
531	2.6	3.1
532	2.6	3.2
533	2.6	3.3
534	2.6	3.4
535	2.6	3.5
536	2.6	3.6
537	2.6	3.7
538	2.6	3.8
539	2.6	3.9
540	2.6	4.0
541	2.6	4.1
542	2.6	4.2
543	2.6	4.3
544	2.6	4.4
545	2.6	4.5
546	2.6	4.6
547	2.6	4.7
548	2.6	4.8
549	2.6	4.9
550	2.6	5.0
551	2.6	5.1
552	2.6	5.2
553	2.6	5.3
554	2.6	5.4
555	2.6	5.5
556	2.6	5.6
557	2.6	5.7
558	2.6	5.8
559	2.6	5.9
560	2.6	6.0
561	2.6	6.1
562	2.6	6.2
563	2.6	6.3
564	2.6	6.4
565	2.6	6.5
566	2.6	6.6
567	2.6	6.7
568	2.6	6.8
569	2.6	6.9
570	2.6	7.0
571	2.6	7.1
572	2.6	7.2
573	2.6	7.3
574	2.6	7.4
575	2.6	7.5
576	2.6	7.6
577	2.6	7.7
578	2.6	7.8
579	2.6	7.9
580	2.6	8.0
581	2.6	8.1
582	2.6	8.2
583	2.6	8.3
584	2.6	8.4
585	2.6	8.5
586	2.6	8.6
587	2.6	8.7
588	2.6	8.8
589	2.6	8.9
590	2.6	9.0
591	2.6	9.1
592	2.6	9.2
593	2.6	9.3
594	2.6	9.4
595	2.6	9.5
596	2.6	9.6
597	2.6	9.7
598	2.6	9.8
599	2.6	9.9
600	3.1	0.0
601	3.1	0.1
602	3.1	0.2
603	3.1	0.3
604	3.1	0.4
605	3.1	0.5
606	3.1	0.6
607	3.1	0.7
608	3.1	0.8
609	3.1	0.9
610	3.1	1.0
611	3.1	1.1
612	3.1	1.2
613	3.1	1.3
614	3.1	1.4
615	3.1	1.5
616	3.1	1.6
617	3.1	1.7
618	3.1	1.8
619	3.1	1.9
620	3.1	2.0
621	3.1	2.1
622	3.1	2.2
623	3.1	2.3
624	3.1	2.4
625	3.1	2.5
626	3.1	2.6
627	3.1	2.7
628	3.1	2.8
629	3.1	2.9
630	3.1	3.0
631	3.1	3.1
632	3.1	3.2
633	3.1	3.3
634	3.1	3.4
635	3.1	3.5
636	3.1	3.6
637	3.1	3.7
638	3.1	3.8
639	3.1	3.9
640	3.1	4.0
641	3.1	4.1
642	3.1	4.2
643	3.1	4.3
644	3.1	4.4
645	3.1	4.5
646	3.1	4.6
647	3.1	4.7
648	3.1	4.8
649	3.1	4.9
650	3.1	5.0
651	3.1	5.1
652	3.1	5.2
653	3.1	5.3
654	3.1	5.4
655	3.1	5.5
656	3.1	5.6
657	3.1	5.7
658	3.1	5.8
659	3.1	5.9
660	3.1	6.0
661	3.1	6.1
662	3.1	6.2
663	3.1	6.3
664	3.1	6.4
665	3.1	6.5
666	3.1	6.6
667	3.1	6.7
668	3.1	6.8
669	3.1	6.9
670	3.1	7.0
671	3.1	7.1
672	3.1	7.2
673	3.1	7.3
674	3.1	7.4
675	3.1	7.5
676	3.1	7.6
677	3.1	7.7
678	3.1	7.8
679	3.1	7.9
680	3.1	8.0
681	3.1	8.1
682	3.1	8.2
683	3.1	8.3
684	3.1	8.4
685	3.1	8.5
686	3.1	8.6
687	3.1	8.7
688	3.1	8.8
689	3.1	8.9
690	3.1	9.0
691	3.1	9.1
692	3.1	9.2
693	3.1	9.3
694	3.1	9.4
695	3.1	9.5
696	3.1	9.6
697	3.1	9.7
698	3.1	9.8
699	3.1	9.9
700	3.6	0.0
701	3.6	0.1
702	3.6	0.2
703	3.6	0.3
704	3.6	0.4
705	3.6	0.5
706	3.6	0.6
707	3.6	0.7
708	3.6	0.8
709	3.6	0.9
710	3.6	1.0
711	3.6	1.1
712	3.6	1.2
713	3.6	1.3
714	3.6	1.4
715	3.6	1.5
716	3.6	1.6
717	3.6	1.7
718	3.6	1.8
719	3.6	1.9
720	3.6	2.0
721	3.6	2.1
722	3.6	2.2
723	3.6	2.3
724	3.6	2.4
725	3.6	2.5
726	3.6	2.6
727	3.6	2.7
728	3.6	2.8
729	3.6	2.9
730	3.6	3.0
731	3.6	3.1
732	3.6	3.2
733	3.6	3.3
734	3.6	3.4
735	3.6	3.5
736	3.6	3.6
737	3.6	3.7
738	3.6	3.8
739	3.6	3.9
740	3.6	4.0
741	3.6	4.1
742	3.6	4.2
743	3.6	4.3
744	3.6	4.4
745	3.6	4.5
746	3.6	4.6
747	3.6	4.7
748	3.6	4.8
749	3.6	4.9
750	3.6	5.0
751	3.6	5.1
752	3.6	5.2
753	3.6	5.3
754	3.6	5.4
755	3.6	5.5
756	3.6	5.6
757	3.6	5.7
758	3.6	5.8
759	3.6	5.9
760	3.6	6.0
761	3.6	6.1
762	3.6	6.2
763	3.6	6.3
764	3.6	6.4
765	3.6	6.5
766	3.6	6.6
767	3.6	6.7
768	3.6	6.8
769	3.6	6.9
770	3.6	7.0
771	3.6	7.1
772	3.6	7.2
773	3.6	7.3
774	3.6	7.4
775	3.6	7.5
776	3.6	7.6
777	3.6	7.7
778	3.6	7.8
779	3.6	7.9
780	3.6	8.0
781	3.6	8.1
782	3.6	8.2
783	3.6	8.3
784	3.6	8.4
785	3.6	8.5
786	3.6	8.6
787	3.6	8.7
788	3.6	8.8
789	3.6	8.9
790	3.6	9.0
791	3.6	9.1
792	3.6	9.2
793	3.6	9.3
794	3.6	9.4
795	3.6	9.5
796	3.6	9.6
797	3.6	9.7
798	3.6	9.8
799	3.6	9.9
800	4.1	0.0
801	4.1	0.1
802	4.1	0.2
803	4.1	0.3
804	4.1	0.4
805	4.1	0.5
806	4.1	0.6
807	4.1	0.7
808	4.1	0.8
809	4.1	0.9
810	4.1	1.0
811	4.1	1.1
812	4.1	1.2
813	4.1	1.3
814	4.1	1.4
815	4.1	1.5
816	4.1	1.6
817	4.1	1.7
818	4.1	1.8
819	4.1	1.9
820	4.1	2.0
821	4.1	2.1
822	4.1	2.2
823	4.1	2.3
824	4.1	2.4
825	4.1	2.5
826	4.1	2.6
827	4.1	2.7
828	4.1	2.8
829	4.1	2.9
830	4.1	3.0
831	4.1	3.1
832	4.1	3.2
833	4.1	3.3
834	4.1	3.4
835	4.1	3.5
836	4.1	3.6
837	4.1	3.7
838	4.1	3.8
839	4.1	3.9
840	4.1	4.0
841	4.1	4.1
842	4.1	4.2
843	4.1	4.3
844	4.1	4.4
845	4.1	4.5
846	4.1	4.6
847	4.1	4.7
848	4.1	4.8
849	4.1	4.9
850	4.1	5.0
851	4.1	5.1
852	4.1	5.2
853	4.1	5.3
854	4.1	5.4
855	4.1	5.5
856	4.1	5.6
857	4.1	5.7
858	4.1	5.8
859	4.1	5.9
860	4.1	6.0
861	4.1	6.1
862	4.1	6.2
863	4.1	6.3
864	4.1	6.4
865	4.1	6.5
866	4.1	6.6
867	4.1	6.7
868	4.1	6.8
869	4.1	6.9
870	4.1	7.0
871	4.1	7.1
872	4.1	7.2
873	4.1	7.3
874	4.1	7.4
875	4.1	7.5
876	4.1	7.6
877	4.1	7.7
878	4.1	7.8
879	4.1	7.9
880	4.1	8.0
881	4.1	8.1
882	4.1	8.2
883	4.1	8.3
884	4.1	8.4
885	4.1	8.5
886	4.1	8.6
887	4.1	8.7
888	4.1	8.8
889	4.1	8.9
890	4.1	9.0
891	4.1	9.1
892	4.1	9.2
893	4.1	9.3
894	4.1	9.4
895	4.1	9.5
896	4.1	9.6
897	4.1	9.7
898	4.1	9.8
899	4.1	9.9
900	4.6	0.0
901	4.6	0.1
902	4.6	0.2
903	4.6	0.3
904	4.6	0.4
905	4.6	0.5
906	4.6	0.6
907	4.6	0.7
908	4.6	0.8
909	4.6	0.9
910	4.6	1.0
911	4.6	1.1
912	4.6	1.2
913	4.6	1.3
914	4.6	1.4
915	4.6	1.5
916	4.6	1.6
917	4.6	1.7
918	4.6	1.8
919	4.6	1.9
920	4.6	2.0
921	4.6	2.1
922	4.6	2.2
923	4.6	2.3
924	4.6	2.4
925	4.6	2.5
926	4.6	2.6
927	4.6	2.7
928	4.6	2.8
929	4.6	2.9
930	4.6	3.0
931	4.6	3.1
932	4.6	3.2
933	4.6	3.3
934	4.6	3.4
935	4.6	3.5
936	4.6	3.6
937	4.6	3.7
938	4.6	3.8
939	4.6	3.9
940	4.6	4.0
941	4.6	4.1
942	4.6	4.2
943	4.6	4.3
944	4.6	4.4
945	4.6	4.5
946	4.6	4.6
947	4.6	4.7
948	4.6	4.8
949	4.6	4.9
950	4.6	5.0
951	4.6	5.1
952	4.6	5.2
953	4.6	5.3
954	4.6	5.4
955	4.6	5.5
956	4.6	5.6
957	4.6	5.7
958	4.6	5.8
959	4.6	5.9
960	4.6	6.0
961	4.6	6.1
962	4.6	6.2
963	4.6	6.3
964	4.6	6.4
965	4.6	6.5
966	4.6	6.6
967	4.6	6.7
968	4.6	6.8
969	4.6	6.9
970	4.6	7.0
971	4.6	7.1
972	4.6	7.2
973	4.6	7.3
974	4.6	7.4
975	4.6	7.5
976	4.6	7.6
977	4.6	7.7
978	4.6	7.8
979	4.6	7.9
980	4.6	8.0
981	4.6	8.1
982	4.6	8.2
983	4.6	8.3
984	4.6	8.4
985	4.6	8.5
986	4.6	8.6
987	4.6	8.7
988	4.6	8.8
989	4.6	8.9
990	4.6	9.0
991	4.6	9.1
992	4.6	9.2
993	4.6	9.3
994	4.6	9.4
995	4.6	9.5
996	4.6	9.6
997	4.6	9.7
998	4.6	9.8
999	4.6	9.9
1000	5.1	0.0
1001	5.1	0.1
1002	5.1	0.2
1003	5.1	0.3
1004	5.1	0.4
1005	5.1	0.5
1006	5.1	0.6
1007	5.1	0.7
1008	5.1	0.8
1009	5.1	0.9
1010	5.1	1.0
1011	5.1	1.1
1012	5.1	1.2
1013	5.1	1.3
1014	5.1	1.4
1015	5.1	1.5
1016	5.1	1.6
1017	5.1	1.7
1018	5.1	1.8
1019	5.1	1.9
1020	5.1	2.0
1021	5.1	2.1
1022	5.1	2.2
1023	5.1	2.3
1024	5.1	2.4
1025	5.1	2.5
1026	5.1	2.6
1027	5.1	2.7
1028	5.1	2.8
1029	5.1	2.9
1030	5.1	3.0
1031	5.1	3.1
1032	5.1	3.2
1033	5.1	3.3
1034	5.1	3.4
1035	5.1	3.5
1036	5.1	3.6
1037	5.1	3.7
1038	5.1	3.8
1039	5.1	3.9
1040	5.1	4.0
1041	5.1	4.1
1042	5.1	4.2
1043	5.1	4.3
1044	5.1	4.4
1045	5.1	4.5
1046	5.1	4.6
1047	5.1	4.7
1048	5.1	4.8
1049	5.1	4.9
1050	5.1	5.0
1051	5.1	5.1
1052	5.1	5.2
1053	5.1	5.3
1054	5.1	5.4
1055	5.1	5.5
1056	5.1	5.6
1057	5.1	5.7
1058	5.1	5.8
1059	5.1	5.9
1060	5.1	6.0
1061	5.1	6.1
1062	5.1	6.2
1063	5.1	6.3
1064	5.1	6.4
1065	5.1	6.5
1066	5.1	6.6
1067	5.1	6.7
1068	5.1	6.8
1069	5.1	6.9
1070	5.1	7.0
1071	5.1	7.1
1072	5.1	7.2
1073	5.1	7.3
1074	5.1	7.4
1075	5.1	7.5
1076	5.1	7.6
1077	5.1	7.7
1078	5.1	7.8
1079	5.1	7.9
1080	5.1	8.0
1081	5.1	8.1
1082	5.1	8.2
1083	5.1	8.3
1084	5.1	8.4
1085	5.1	8.5
1086	5.1	8.6
1087	5.1	8.7
1088	5.1	8.8
1089	5.1	8.9
1090	5.1	9.0
1091	5.1	9.1
1092	5.1	9.2
1093	5.1	9.3
1094	5.1	9.4
1095	5.1	9.5
1096	5.1	9.6
1097	5.1	9.7
1098	5.1	9.8
1099	5.1	9.9
1100	5.6	0.0
1101	5.6	0.1
1102	5.6	0.2
1103	5.6	0.3
1104	5.6	0.4
1105	5.6	0.5
1106	5.6	0.6
1107	5.6	0.7
1108	5.6	0.8
1109	5.6	0.9
1110	5.6	1.0
1111	5.6	1.1
1112	5.6	1.2
1113	5.6	1.3
1114	5.6	1.4
1115	5.6	1.5
1116	5.6	1.6
1117	5.6	1.7
1118	5.6	1.8
1119	5.6	1.9
1120	5.6	2.0
1121	5.6	2.1
1122	5.6	2.2
1123	5.6	2.3
1124	5.6	2.4
1125	5.6	2.5
1126	5.6	2.6
1127	5.6	2.7
1128	5.6	2.8
1129	5.6	2.9
1130	5.6	3.0
1131	5.6	3.1
1132	5.6	3.2
1133	5.6	3.3
1134	5.6	3.4
1135	5.6	3.5
1136	5.6	3.6
1137	5.6	3.7
1138	5.6	3.8
1139	5.6	3.9
1140	5.6	4.0
1141	5.6	4.1
1142	5.6	4.2
1143	5.6	4.3
1144	5.6	4.4
1145	5.6	4.5
1146	5.6	4.6
1147	5.6	4.7
1148	5.6	4.8
1149	5.6	4.9
1150	5.6	5.0
1151	5.6	5.1
1152	5.6	5.2
1153	5.6	5.3
1154	5.6	5.4
1155	5.6	5.5
1156	5.6	5.6
1157	5.6	5.7
1158	5.6	5.8
1159	5.6	5.9
1160	5.6	6.0
1161	5.6	6.1
1162	5.6	6.2
1163	5.6	6.3
1164	5.6	6.4
1165	5.6	6.5
1166	5.6	6.6
1167	5.6	6.7
1168	5.6	6.8
1169	5.6	6.9
1170	5.6	7.0
1171	5.6	7.1
1172	5.6	7.2
1173	5.6	7.3
1174	5.6	7.4
1175	5.6	7.5
1176	5.6	7.6
1177	5.6	7.7
1178	5.6	7.8
1179	5.6	7.9
1180	5.6	8.0
1181	5.6	8.1
1182	5.6	8.2
1183	5.6	8.3
1184	5.6	8.4
1185	5.6	8.5
1186	5.6	8.6
1187	5.6	8.7
1188	5.6	8.8
1189	5.6	8.9
1190	5.6	9.0
1191	5.6	9.1
1192	5.6	9.2
1193	5.6	9.3
1194	5.6	9.4
1195	5.6	9.5
1196	5.6	9.6
1197	5.6	9.7
1198	5.6	9.8
1199	5.6	9.9
1200	6.1	0.0
1201	6.1	0.1
1202	6.1	0.2
1203	6.1	0.3
1204	6.1	0.4
1205	6.1	0.5
1206	6.1	0.6
1207	6.1	0.7
1208	6.1	0.8
1209	6.1	0.9
1210	6.1	1.0
1211	6.1	1.1
1212	6.1	1.2
1213	6.1	1.3
1214	6.1	1.4
1215	6.1	1.5
1216	6.1	1.6
1217	6.1	1.7
1218	6.1	1.8
1219	6.1	1.9
1220	6.1	2.0
1221	6.1	2.1
1222	6.1	2.2
1223	6.1	2.3
1224	6.1	2.4
1225	6.1	2.5
1226	6.1	2.6
1227	6.1	2.7
1228	6.1	2.8
1229	6.1	2.9
1230	6.1	3.0
1231	6.1	3.1
1232	6.1	3.2
1233	6.1	3.3
1234	6.1	3.4
1235	6.1	3.5
1236	6.1	3.6
1237	6.1	3.7
1238	6.1	3.8
1239	6.1	3.9
1240	6.1	4.0
1241	6.1	4.1
1242	6.1	4.2
1243	6.1	4.3
1244	6.1	4.4
1245	6.1	4.5
1246	6.1	4.6
1247	6.1	4.7
1248	6.1	4.8
1249	6.1	4.9
1250	6.1	5.0
1251	6.1	5.1
1252	6.1	5.2
1253	6.1	5.3
1254	6.1	5.4
1255	6.1	5.5
1256	6.1	5.6
1257	6.1	5.7
1258	6.1	5.8
1259	6.1	5.9
1260	6.1	6.0
1261	6.1	6.1
1262	6.1	6.2
1263	6.1	6.3
1264	6.1	6.4
1265	6.1	6.5
1266	6.1	6.6
1267	6.1	6.7
1268	6.1	6.8
1269	6.1	6.9
1270	6.1	7.0
1271	6.1	7.1
1272	6.1	7.2
1273	6.1	7.3
1274	6.1	7.4
1275	6.1	7.5
1276	6.1	7.6
1277	6.1	7.7
1278	6.1	7.8
1279	6.1	7.9
1280	6.1	8.0
1281	6.1	8.1
1282	6.1	8.2
1283	6.1	8.3
1284	6.1	8.4
1285	6.1	8.5
1286	6.1	8.6
1287	6.1	8.7
1288	6.1	8.8
1289	6.1	8.9
1290	6.1	9.0
1291	6.1	9.1
1292	6.1	9.2
1293	6.1	9.3
1294	6.1	9.4
1295	6.1	9.5
1296	6.1	9.6
1297	6.1	9.7
1298	6.1	9.8
1299	6.1	9.9
1300	6.6	0.0
1301	6.6	0.1
1302	6.6	0.2
1303	6.6	0.3
1304	6.6	0.4
1305	6.6	0.5
1306	6.6	0.6
1307	6.6	0.7
1308	6.6	0.8
1309	6.6	0.9
1310	6.6	1.0
1311	6.6	1.1
1312	6.6	1.2
1313	6.6	1.3
1314	6.6	1.4
1315	6.6	1.5
1316	6.6	1.6
1317	6.6	1.7
1318	6.6	1.8
1319	6.6	1.9
1320	6.6	2.0
1321	6.6	2.1
1322	6.6	2.2
1323	6.6	2.3
1324	6.6	2.4
1325	6.6	2.5
1326	6.6	2.6
1327	6.6	2.7
1328	6.6	2.8
1329	6.6	2.9
1330	6.6	3.0
1331	6.6	3.1
1332	6.6	3.2
1333	6.6	3.3
1334	6.6	3.4
1335	6.6	3.5
1336	6.6	3.6
1337	6.6	3.7
1338	6.6	3.8
1339	6.6	3.9
1340	6.6	4.0
1341	6.6	4.1
1342	6.6	4.2
1343	6.6	4.3
1344	6.6	4.4
1345	6.6	4.5
1346	6.6	4.6
1347	6.6	4.7
1348	6.6	4.8
1349	6.6	4.9
1350	6.6	5.0
1351	6.6	5.1
1352	6.6	5.2
1353	6.6	5.3
1354	6.6	5.4
1355	6.6	5.5
1356	6.6	5.6
1357	6.6	5.7
1358	6.6	5.8
1359	6.6	5.9
1360	6.6	6.0
1361	6.6	6.1
1362	6.6	6.2
1363	6.6	6.3
1364	6.6	6.4
1365	6.6	6.5
1366	6.6	6.6
1367	6.6	6.7
1368	6.6	6.8
1369	6.6	6.9
1370	6.6	7.0
1371	6.6	7.1
1372	6.6	7.2
1373	6.6	7.3
1374	6.6	7.4
1375	6.6	7.5
1376	6.6	7.6
1377	6.6	7.7
1378	6.6	7.8
1379	6.6	7.9
1380	6.6	8.0
1381	6.6	8.1
1382	6.6	8.2
1383	6.6	8.3
1384	6.6	8.4
1385	6.6	8.5
1386	6.6	8.6
1387	6.6	8.7
1388	6.6	8.8
1389	6.6	8.9
1390	6.6	9.0
1391	6.6	9.1
1392	6.6	9.2
1393	6.6	9.3
1394	6.6	9.4
1395	6.6	9.5
1396	6.6	9.6
1397	6.6	9.7
1398	6.6	9.8
1399	6.6	9.9
1400	7.1	0.0
1401	7.1	0.1
1402	7.1	0.2
1403	7.1	0.3
1404	7.1	0.4
1405	7.1	0.5
1406	7.1	0.6
1407	7.1	0.7
1408	7.1	0.8
1409	7.1	0.9
1410	7.1	1.0
1411	7.1	1.1
1412	7.1	1.2
1413	7.1	1.3
1414	7.1	1.4
1415	7.1	1.5
1416	7.1	1.6
1417	7.1	1.7
1418	7.1	1.8
1419	7.1	1.9
1420	7.1	2.0
1421	7.1	2.1
1422	7.1	2.2
1423	7.1	2.3
1424	7.1	2.4
1425	7.1	2.5
1426	7.1	2.6
1427	7.1	2.7
1428	7.1	2.8
1429	7.1	2.9
1430	7.1	3.0
1431	7.1	3.1
1432	7.1	3.2
1433	7.1	3.3
1434	7.1	3.4
1435	7.1	3.5
1436	7.1	3.6
1437	7.1	3.7
1438	7.1	3.8
1439	7.1	3.9
1440	7.1	4.0
1441	7.1	4.1
1442	7.1	4.2
1443	7.1	4.3
1444	7.1	4.4
1445	7.1	4.5
1446	7.1	4.6
1447	7.1	4.7
1448	7.1	4.8
1449	7.1	4.9
1450	7.1	5.0
1451	7.1	5.1
1452	7.1	5.2
1453	7.1	5.3
1454	7.1	5.4
1455	7.1	5.5
1456	7.1	5.6
1457	7.1	5.7
1458	7.1	5.8
1459	7.1	5.9
1460	7.1	6.0
1461	7.1	6.1
1462	7.1	6.2
1463	7.1	6.3
1464	7.1	6.4
1465	7.1	6.5
1466	7.1	6.6
1467	7.1	6.7
1468	7.1	6.8
1469	7.1	6.9
1470	7.1	7.0
1471	7.1	7.1
1472	7.1	7.2
1473	7.1	7.3
1474	7.1	7.4
1475	7.1	7.5
1476	7.1	7.6
1477	7.1	7.7
1478	7.1	7.8
1479	7.1	7.9
1480	7.1	8.0
1481	7.1	8.1
1482	7.1	8.2
1483	7.1	8.3
1484	7.1	8.4
1485	7.1	8.5
1486	7.1	8.6
1487	7.1	8.7
1488	7.1	8.8
1489	7.1	8.9
1490	7.1	9.0
1491	7.1	9.1
1492	7.1	9.2
1493	7.1	9.3
1494	7.1	9.4
1495	7.1	9.5
1496	7.1	9.6
1497	7.1	9.7
1498	7.1	9.8
1499	7.1	9.9
1500	7.6	0.0
1501	7.6	0.1
1502	7.6	0.2
1503	7.6	0.3
1504	7.6	0.4
1505	7.6	0.5
1506	7.6	0.6
1507	7.6	0.7
1508	7.6	0.8
1509	7.6	0.9
1510	7.6	1.0
1511	7.6	1.1
1512	7.6	1.2
1513	7.6	1.3
1514	7.6	1.4
1515	7.6	1.5
1516	7.6	1.6
1517	7.6	1.7
1518	7.6	1.8
1519	7.6	1.9
1520	7.6	2.0
1521	7.6	2.1
1522	7.6	2.2
1523	7.6	2.3
1524	7.6	2.4
1525	7.6	2.5
1526	7.6	2.6
1527	7.6	2.7
1528	7.6	2.8
1529	7.6	2.9
1530	7.6	3.0
1531	7.6	3.1
1532	7.6	3.2
1533	7.6	3.3
1534	7.6	3.4
1535	7.6	3.5
1536	7.6	3.6
1537	7.6	3.7
1538	7.6	3.8
1539	7.6	3.9
1540	7.6	4.0
1541	7.6	4.1
1542	7.6	4.2
1543	7.6	4.3
1544	7.6	4.4
1545	7.6	4.5
1546	7.6	4.6
1547	7.6	4.7
1548	7.6	4.8
1549	7.6	4.9
1550	7.6	5.0
1551	7.6	5.1
1552	7.6	5.2
1553	7.6	5.3
1554	7.6	5.4
1555	7.6	5.5
1556	7.6	5.6
1557	7.6	5.7
1558	7.6	5.8
1559	7.6	5.9
1560	7.6	6.0
1561	7.6	6.1
1562	7.6	6.2
1563	7.6	6.3
1564	7.6	6.4
1565	7.6	6.5
1566	7.6	6.6
1567	7.6	6.7
1568	7.6	6.8
1569	7.6	6.9
1570	7.6	7.0
1571	7.6	7.1
1572	7.6	7.2
1573	7.6	7.3
1574	7.6	7.4
1575	7.6	7.5
1576	7.6	7.6
1577	7.6	7.7
1578	7.6	7.8
1579	7.6	7.9
1580	7.6	8.0
1581	7.6	8.1
1582	7.6	8.2
1583	7.6	8.3
1584	7.6	8.4
1585	7.6	8.5
1586	7.6	8.6
1587	7.6	8.7
1588	7.6	8.8
1589	7.6	8.9
1590	7.6	9.0
1591	7.6	9.1
1592	7.6	9.2
1593	7.6	9.3
1594	7.6	9.4
1595	7.6	9.5
1596	7.6	9.6
1597	7.6	9.7
1598	7.6	9.8
1599	7.6	9.9
1600	8.1	0.0
1601	8.1	0.1
1602	8.1	0.2
1603	8.1	0.3
1604	8.1	0.4
1605	8.1	0.5
1606	8.1	0.6
1607	8.1	0.7
1608	8.1	0.8
1609	8.1	0.9
1610	8.1	1.0
1611	8.1	1.1
1612	8.1	1.2
1613	8.1	1.3
1614	8.1	1.4
1615	8.1	1.5
1616	8.1	1.6
1617	8.1	1.7
1618	8.1	1.8
1619	8.1	1.9
1620	8.1	2.0
1621	8.1	2.1
1622	8.1	2.2
1623	8.1	2.3
1624	8.1	2.4
1625	8.1	2.5
1626	8.1	2.6
1627	8.1	2.7
1628	8.1	2.8
1629	8.1	2.9
1630	8.1	3.0
1631	8.1	3.1
1632	8.1	3.2
1633	8.1	3.3
1634	8.1	3.4
1635	8.1	3.5
1636	8.1	3.6
1637	8.1	3.7
1638	8.1	3.8
1639	8.1	3.9
1640	8.1	4.0
1641	8.1	4.1
1642	8.1	4.2
1643	8.1	4.3
1644	8.1	4.4
1645	8.1	4.5
1646	8.1	4.6
1647	8.1	4.7
1648	8.1	4.8
1649	8.1	4.9
1650	8.1	5.0
1651	8.1	5.1
1652	8.1	5.2
1653	8.1	5.3
1654	8.1	5.4
1655	8.1	5.5
1656	8.1	5.6
1657	8.1	5.7
1658	8.1	5.8
1659	8.1	5.9
1660	8.1	6.0
1661	8.1	6.1
1662	8.1	6.2
1663	8.1	6.3
1664	8.1	6.4
1665	8.1	6.5
1666	8.1	6.6
1667	8.1	6.7
1668	8.1	6.8
1669	8.1	6.9
1670	8.1	7.0
1671	8.1	7.1
1672	8.1	7.2
1673	8.1	7.3
1674	8.1	7.4
1675	8.1	7.5
1676	8.1	7.6
1677	8.1	7.7
1678	8.1	7.8
1679	8.1	7.9
1680	8.1	8.0
1681	8.1	8.1
1682	8.1	8.2
1683	8.1	8.3
1684	8.1	8.4
1685	8.1	8.5
1686	8.1	8.6
1687	8.1	8.7
1688	8.1	8.8
1689	8.1	8.9
1690	8.1	9.0
1691	8.1	9.1
1692	8.1	9.2
1693	8.1	9.3
1694	8.1	9.4
1695	8.1	9.5
1696	8.1	9.6
1697	8.1	9.7
1698	8.1	9.8
1699	8.1	9.9
1700	8.6	0.0
1701	8.6	0.1
1702	8.6	0.2
1703	8.6	0.3
1704	8.6	0.4
1705	8.6	0.5
1706	8.6	0.6
1707	8.6	0.7
1708	8.6	0.8
1709	8.6	0.9
1710	8.6	1.0
1711	8.6	1.1
1712	8.6	1.2
1713	8.6	1.3
1714	8.6	1.4
1715	8.6	1.5
1716	8.6	1.6
1717	8.6	1.7
1718	8.6	1.8
1719	8.6	1.9
1720	8.6	2.0
1721	8.6	2.1
1722	8.6	2.2
1723	8.6	2.3
1724	8.6	2.4
1725	8.6	2.5
1726	8.6	2.6
1727	8.6	2.7
1728	8.6	2.8
1729	8.6	2.9
1730	8.6	3.0
1731	8.6	3.1
1732	8.6	3.2
1733	8.6	3.3
1734	8.6	3.4
1735	8.6	3.5
1736	8.6	3.6
1737	8.6	3.7
1738	8.6	3.8
1739	8.6	3.9
1740	8.6	4.0
1741	8.6	4.1
1742	8.6	4.2
1743	8.6	4.3
1744	8.6	4.4
1745	8.6	4.5
1746	8.6	4.6
1747	8.6	4.7
1748	8.6	4.8
1749	8.6	4.9
1750	8.6	5.0
1751	8.6	5.1
1752	8.6	5.2
1753	8.6	5.3
1754	8.6	5.4
1755	8.6	5.5
1756	8.6	5.6
1757	8.6	5.7
1758	8.6	5.8
1759	8.6	5.9
1760	8.6	6.0
1761	8.6	6.1
1762	8.6	6.2
1763	8.6	6.3
1764	8.6	6.4
1765	8.6	6.5
1766	8.6	6.6
1767	8.6	6.7
1768	8.6	6.8
1769	8.6	6.9
1770	8.6	7.0
1771	8.6	7.1
1772	8.6	7.2
1773	8.6	7.3
1774	8.6	7.4
1775	8.6	7.5
1776	8.6	7.6
1777	8.6	7.7
1778	8.6	7.8
1779	8.6	7.9
1780	8.6	8.0
1781	8.6	8.1
1782	8.6	8.2
1783	8.6	8.3
1784	8.6	8.4
1785	8.6	8.5
1786	8.6	8.6
1787	8.6	8.7
1788	8.6	8.8
1789	8.6	8.9
1790	8.6	9.0
1791	8.6	9.1
1792	8.6	9.2
1793	8.6	9.3
1794	8.6	9.4
1795	8.6	9.5
1796	8.6	9.6
1797	8.6	9.7
1798	8.6	9.8
1799	8.6	9.9
1800	9.1	0.0
1801	9.1	0.1
1802	9.1	0.2
1803	9.1	0.3
1804	9.1	0.4
1805	9.1	0.5
1806	9.1	0.6
1807	9.1	0.7
1808	9.1	0.8
1809	9.1	0.9
1810	9.1	1.0
1811	9.1	1.1
1812	9.1	1.2
1813	9.1	1.3
1814	9.1	1.4
1815	9.1	1.5
1816	9.1	1.6
1817	9.1	1.7
1818	9.1	1.8
1819	9.1	1.9
1820	9.1	2.0
1821	9.1	2.1
1822	9.1	2.2
1823	9.1	2.3
1824	9.1	2.4
1825	9.1	2.5
1826	9.1	2.6
1827	9.1	2.7
1828	9.1	2.8
1829	9.1	2.9
1830	9.1	3.0
1831	9.1	3.1
1832	9.1	3.2
1833	9.1	3.3
1834	9.1	3.4
1835	9.1	3.5
1836	9.1	3.6
1837	9.1	3.7
1838	9.1	3.8
1839	9.1	3.9
1840	9.1	4.0
1841	9.1	4.1
1842	9.1	4.2
1843	9.1	4.3
1844	9.1	4.4
1845	9.1	4.5
1846	9.1	4.6
1847	9.1	4.7
1848	9.1	4.8
1849	9.1	4.9
1850	9.1	5.0
1851	9.1	5.1
1852	9.1	5.2
1853	9.1	5.3
1854	9.1	5.4
1855	9.1	5.5
1856	9.1	5.6
1857	9.1	5.7
1858	9.1	5.8
1859	9.1	5.9
1860	9.1	6.0
1861	9.1	6.1
1862	9.1	6.2
1863	9.1	6.3
1864	9.1	6.4
1865	9.1	6.5
1866	9.1	6.6
1867	9.1	6.7
1868	9.1	6.8
1869	9.1	6.9
1870	9.1	7.0
1871	9.1	7.1
1872	9.1	7.2
1873	9.1	7.3
1874	9.1	7.4
1875	9.1	7.5
1876	9.1	7.6
1877	9.1	7.7
1878	9.1	7.8
1879	9.1	7.9
1880	9.1	8.0
1881	9.1	8.1
1882	9.1	8.2
1883	9.1	8.3
1884	9.1	8.4
1885	9.1	8.5
1886	9.1	8.6
1887	9.1	8.7
1888	9.1	8.8
1889	9.1	8.9
1890	9.1	9.0
1891	9.1	9.1
1892	9.1	9.2
1893	9.1	9.3
1894	9.1	9.4
1895	9.1	9.5
1896	9.1	9.6
1897	9.1	9.7
1898	9.1	9.8
1899	9.1	9.9
1900	9.6	0.0
1901	9.6	0.1
1902	9.6	0.2
1903	9.6	0.3
1904	9.6	0.4
1905	9.6	0.5
1906	9.6	0.6
1907	9.6	0.7
1908	9.6	0.8
1909	9.6	0.9
1910	9.6	1.0
1911	9.6	1.1
1912	9.6	1.2
1913	9.6	1.3
1914	9.6	1.4
1915	9.6	1.5
1916	9.6	1.6
1917	9.6	1.7
1918	9.6	1.8
1919	9.6	1.9
1920	9.6	2.0
1921	9.6	2.1
1922	9.6	2.2
1923	9.6	2.3
1924	9.6	2.4
1925	9.6	2.5
1926	9.6	2.6
1927	9.6	2.7
1928	9.6	2.8
1929	9.6	2.9
1930	9.6	3.0
1931	9.6	3.1
1932	9.6	3.2
1933	9.6	3.3
1934	9.6	3.4
1935	9.6	3.5
1936	9.6	3.6
1937	9.6	3.7
1938	9.6	3.8
1939	9.6	3.9
1940	9.6	4.0
1941	9.6	4.1
1942	9.6	4.2
1943	9.6	4.3
1944	9.6	4.4
1945	9.6	4.5
1946	9.6	4.6
1947	9.6	4.7
1948	9.6	4.8
1949	9.6	4.9
1950	9.6	5.0
1951	9.6	5.1
1952	9.6	5.2
1953	9.6	5.3
1954	9.6	5.4
1955	9.6	5.5
1956	9.6	5.6
1957	9.6	5.7
1958	9.6	5.8
1959	9.6	5.9
1960	9.6	6.0
1961	9.6	6.1
1962	9.6	6.2
1963	9.6	6.3
1964	9.6	6.4
1965	9.6	6.5
1966	9.6	6.6
1967	9.6	6.7
1968	9.6	6.8
1969	9.6	6.9
1970	9.6	7.0
1971	9.6	7.1
1972	9.6	7.2
1973	9.6	7.3
1974	9.6	7.4
1975	9.6	7.5
1976	9.6	7.6
1977	9.6	7.7
1978	9.6	7.8
1979	9.6	7.9
1980	9.6	8.0
1981	9.6	8.1
1982	9.6	8.2
1983	9.6	8.3
1984	9.6	8.4
1985	9.6	8.5
1986	9.6	8.6
1987	9.6	8.7
1988	9.6	8.8
1989	9.6	8.9
1990	9.6	9.0
1991	9.6	9.1
1992	9.6	9.2
1993	9.6	9.3
1994	9.6	9.4
1995	9.6	9.5
1996	9.6	9.6
1997	9.6	9.7
1998	9.6	9.8
1999	9.6	9.9
